0 227
1 114
2 196
3 209
4 112
5 86
6 233
7 152
8 82
9 138
10 165
11 71
12 145
13 104
14 87
15 74
16 46
17 91
18 78
19 34
20 33
21 23
22 53
23 67
24 92
25 47
26 14
27 60
28 27
29 43
30 42
31 24
32 55
33 23
34 37
35 50
36 23
37 69
38 56
39 26
40 38
41 89
42 20
43 59
44 96
45 34
46 60
47 32
48 52
49 72
50 15
51 20
52 9
53 39
54 66
55 17
56 54
57 47
58 40
59 26
60 38
61 60
62 117
63 43
64 23
65 34
66 23
67 41
68 81
69 42
70 15
71 23
72 26
73 22
74 43
75 40
76 24
77 18
78 31
79 53
80 101
81 58
82 37
83 70
84 28
85 11
86 55
87 10
88 64
89 28
90 30
91 10
92 14
93 31
94 34
95 16
96 31
97 10
98 38
99 29
100 44
101 65
102 30
103 75
104 25
105 25
106 9
107 12
108 29
109 37
110 48
111 13
112 70
113 24
114 51
115 24
116 40
117 31
118 14
119 39
120 47
121 48
122 11
123 56
124 46
125 8
126 18
127 19
128 21
129 56
130 40
131 28
132 7
133 25
134 16
135 38
136 16
137 22
138 13
139 18
140 13
141 17
142 38
143 18
144 5
145 22
146 23
147 40
148 16
149 11
150 23
151 7
152 12
153 12
154 21
155 17
156 31
157 40
158 31
159 41
160 14
161 32
162 30
163 16
164 11
165 44
166 15
167 10
168 17
169 17
170 58
171 24
172 16
173 17
174 13
175 55
176 8
177 30
178 14
179 24
180 33
181 25
182 18
183 12
184 13
185 68
186 26
187 19
188 19
189 48
190 24
191 23
192 21
193 16
194 18
195 26
196 24
197 24
198 17
199 12
200 7
201 20
202 24
203 15
204 10
205 17
206 13
207 16
208 21
209 32
210 8
211 6
212 17
213 38
214 23
215 18
216 10
217 7
218 6
219 20
220 29
221 26
222 15
223 24
224 24
225 14
226 9
227 12
228 13
229 25
230 13
231 19
232 32
233 75
234 12
235 21
236 17
237 8
238 14
239 36
240 17
241 24
242 8
243 41
244 5
245 13
246 11
247 18
248 20
249 14
250 16
251 27
252 26
253 18
254 21
255 17
256 28
257 11
258 16
259 22
260 8
261 14
262 8
263 10
264 24
265 20
266 29
267 14
268 17
269 12
270 18
271 19
272 10
273 15
274 13
275 17
276 13
277 15
278 21
279 63
280 3
281 19
282 10
283 28
284 28
285 11
286 18
287 34
288 30
289 18
290 7
291 25
292 57
293 33
294 22
295 13
296 17
297 8
298 30
299 10
300 14
301 12
302 7
303 7
304 6
305 18
306 27
307 6
308 19
309 19
310 22
311 8
312 4
313 24
314 5
315 26
316 15
317 15
318 10
319 52
320 8
321 5
322 19
323 19
324 12
325 35
326 45
327 7
328 15
329 9
330 18
331 14
332 5
333 11
334 23
335 13
336 26
337 13
338 12
339 15
340 10
341 42
342 7
343 21
344 8
345 4
346 6
347 11
348 3
349 11
350 8
351 29
352 25
353 6
354 12
355 10
356 12
357 34
358 17
359 15
360 5
361 19
362 30
363 10
364 23
365 15
366 20
367 17
368 7
369 32
370 15
371 36
372 15
373 8
374 16
375 9
376 22
377 8
378 19
379 23
380 7
381 19
382 10
383 11
384 20
385 25
386 29
387 15
388 10
389 7
390 15
391 32
392 15
393 10
394 22
395 6
396 12
397 6
398 21
399 20
400 22
401 17
402 20
403 14
404 9
405 35
406 6
407 13
408 22
409 16
410 12
411 24
412 15
413 11
414 22
415 6
416 21
417 16
418 19
419 3
420 10
421 13
422 18
423 13
424 16
425 25
426 9
427 4
428 9
429 9
430 16
431 25
432 9
433 20
434 5
435 11
436 14
437 5
438 16
439 9
440 11
441 8
442 14
443 19
444 38
445 8
446 18
447 21
448 17
449 18
450 22
451 13
452 24
453 19
454 18
455 7
456 23
457 7
458 9
459 14
460 4
461 10
462 7
463 35
464 10
465 9
466 12
467 18
468 16
469 10
470 8
471 19
472 12
473 12
474 13
475 33
476 11
477 10
478 10
479 10
480 8
481 32
482 7
483 16
484 7
485 13
486 3
487 27
488 10
489 15
490 8
491 11
492 19
493 18
494 10
495 22
496 10
497 20
498 6
499 5
500 12
501 9
502 8
503 11
504 20
505 7
506 20
507 20
508 10
509 6
510 16
511 19
512 7
513 9
514 26
515 10
516 8
517 23
518 5
519 14
520 19
521 16
522 12
523 22
524 8
525 21
526 14
527 14
528 7
529 8
530 11
531 10
532 9
533 23
534 3
535 13
536 17
537 6
538 15
539 16
540 13
541 23
542 8
543 30
544 5
545 19
546 10
547 3
548 7
549 7
550 9
551 29
552 10
553 8
554 8
555 11
556 11
557 3
558 6
559 20
560 20
561 10
562 6
563 10
564 8
565 12
566 24
567 15
568 10
569 16
570 7
571 10
572 7
573 19
574 10
575 33
576 14
577 15
578 15
579 26
580 12
581 12
582 18
583 18
584 21
585 21
586 9
587 4
588 5
589 18
590 19
591 10
592 4
593 11
594 23
595 11
596 17
597 13
598 26
599 4
600 10
601 4
602 25
603 5
604 7
605 7
606 7
607 15
608 17
609 10
610 21
611 3
612 15
613 6
614 17
615 8
616 7
617 15
618 15
619 7
620 10
621 32
622 27
623 8
624 14
625 15
626 21
627 12
628 8
629 6
630 19
631 5
632 7
633 11
634 18
635 16
636 5
637 9
638 8
639 5
640 21
641 6
642 14
643 7
644 6
645 21
646 12
647 20
648 17
649 10
650 7
651 12
652 14
653 11
654 26
655 17
656 15
657 6
658 9
659 5
660 7
661 10
662 16
663 17
664 11
665 10
666 12
667 11
668 16
669 6
670 8
671 20
672 14
673 8
674 9
675 7
676 10
677 5
678 19
679 7
680 21
681 22
682 8
683 17
684 8
685 8
686 10
687 9
688 13
689 8
690 5
691 12
692 10
693 11
694 7
695 16
696 11
697 8
698 11
699 13
700 17
701 4
702 8
703 15
704 27
705 16
706 16
707 4
708 14
709 11
710 14
711 7
712 9
713 22
714 19
715 17
716 12
717 11
718 5
719 6
720 4
721 12
722 8
723 12
724 11
725 9
726 16
727 11
728 20
729 8
730 13
731 6
732 9
733 10
734 17
735 18
736 4
737 8
738 18
739 8
740 9
741 5
742 4
743 13
744 12
745 8
746 12
747 13
748 8
749 11
750 23
751 11
752 3
753 8
754 13
755 25
756 8
757 7
758 12
759 16
760 5
761 22
762 24
763 18
764 4
765 19
766 7
767 8
768 7
769 13
770 3
771 10
772 9
773 16
774 24
775 19
776 20
777 7
778 12
779 9
780 9
781 17
782 11
783 5
784 16
785 16
786 19
787 10
788 8
789 14
790 4
791 13
792 16
793 8
794 7
795 14
796 9
797 8
798 21
799 6
800 16
801 6
802 3
803 9
804 9
805 19
806 12
807 14
808 16
809 6
810 7
811 22
812 9
813 12
814 8
815 10
816 12
817 9
818 10
819 10
820 26
821 12
822 6
823 8
824 15
825 20
826 8
827 5
828 6
829 9
830 19
831 14
832 6
833 6
834 9
835 18
836 13
837 7
838 9
839 13
840 3
841 12
842 10
843 8
844 10
845 9
846 13
847 9
848 6
849 6
850 5
851 7
852 11
853 6
854 16
855 11
856 7
857 8
858 13
859 3
860 14
861 12
862 8
863 19
864 22
865 20
866 7
867 13
868 18
869 8
870 5
871 5
872 4
873 3
874 16
875 11
876 3
877 4
878 11
879 9
880 9
881 7
882 10
883 15
884 6
885 18
886 3
887 6
888 18
889 14
890 7
891 14
892 22
893 9
894 10
895 19
896 11
897 10
898 5
899 10
900 11
901 11
902 14
903 16
904 9
905 11
906 6
907 18
908 10
909 4
910 5
911 8
912 10
913 5
914 6
915 12
916 6
917 15
918 11
919 7
920 4
921 14
922 9
923 6
924 14
925 14
926 17
927 8
928 23
929 9
930 11
931 17
932 16
933 15
934 8
935 8
936 4
937 5
938 9
939 9
940 4
941 12
942 4
943 5
944 8
945 13
946 11
947 8
948 8
949 10
950 6
951 16
952 17
953 6
954 7
955 9
956 9
957 10
958 6
959 8
960 9
961 14
962 9
963 5
964 6
965 8
966 7
967 4
968 8
969 14
970 7
971 14
972 3
973 12
974 11
975 7
976 11
977 4
978 7
979 8
980 8
981 11
982 8
983 15
984 22
985 9
986 12
987 10
988 7
989 10
990 12
991 16
992 7
993 7
994 7
995 6
996 9
997 16
998 6
999 10
1000 6
1001 20
1002 5
1003 9
1004 10
1005 11
1006 7
1007 8
1008 3
1009 6
1010 8
1011 5
1012 6
1013 11
1014 11
1015 11
1016 4
1017 14
1018 4
1019 7
1020 11
1021 8
1022 5
1023 5
1024 11
1025 12
1026 12
1027 10
1028 5
1029 11
1030 10
1031 8
1032 6
1033 7
1034 5
1035 6
1036 14
1037 6
1038 11
1039 15
1040 12
1041 10
1042 6
1043 7
1044 8
1045 10
1046 18
1047 10
1048 3
1049 7
1050 4
1051 9
1052 20
1053 4
1054 4
1055 10
1056 6
1057 9
1058 10
1059 13
1060 4
1061 6
1062 10
1063 8
1064 14
1065 15
1066 16
1067 11
1068 12
1069 16
1070 7
1071 13
1072 6
1073 8
1074 14
1075 9
1076 7
1077 13
1078 3
1079 14
1080 11
1081 4
1082 5
1083 4
1084 6
1085 11
1086 6
1087 5
1088 5
1089 5
1090 12
1091 11
1092 11
1093 7
1094 14
1095 7
1096 14
1097 12
1098 5
1099 7
1100 12
1101 7
1102 12
1103 9
1104 6
1105 13
1106 8
1107 3
1108 4
1109 14
1110 11
1111 7
1112 7
1113 11
1114 15
1115 7
1116 6
1117 11
1118 11
1119 4
1120 4
1121 7
1122 6
1123 8
1124 20
1125 15
1126 14
1127 11
1128 4
1129 11
1130 4
1131 8
1132 6
1133 4
1134 11
1135 9
1136 3
1137 6
1138 10
1139 3
1140 7
1141 9
1142 6
1143 8
1144 5
1145 6
1146 17
1147 7
1148 11
1149 6
1150 4
1151 11
1152 15
1153 13
1154 6
1155 9
1156 13
1157 5
1158 17
1159 11
1160 8
1161 4
1162 7
1163 9
1164 4
1165 6
1166 7
1167 6
1168 8
1169 9
1170 3
1171 8
1172 9
1173 14
1174 12
1175 6
1176 6
1177 9
1178 5
1179 9
1180 12
1181 6
1182 10
1183 3
1184 6
1185 8
1186 28
1187 9
1188 4
1189 6
1190 4
1191 10
1192 9
1193 15
1194 10
1195 9
1196 8
1197 8
1198 5
1199 7
1200 5
1201 9
1202 6
1203 10
1204 8
1205 10
1206 9
1207 5
1208 15
1209 10
1210 8
1211 4
1212 13
1213 8
1214 3
1215 9
1216 3
1217 7
1218 5
1219 9
1220 3
1221 4
1222 11
1223 5
1224 9
1225 5
1226 11
1227 3
1228 22
1229 5
1230 7
1231 10
1232 8
1233 6
1234 6
1235 8
1236 8
1237 18
1238 11
1239 9
1240 10
1241 12
1242 6
1243 5
1244 5
1245 8
1246 12
1247 11
1248 3
1249 4
1250 8
1251 6
1252 7
1253 9
1254 4
1255 7
1256 8
1257 8
1258 6
1259 15
1260 9
1261 8
1262 4
1263 10
1264 6
1265 11
1266 4
1267 21
1268 9
1269 7
1270 11
1271 11
1272 11
1273 8
1274 12
1275 4
1276 6
1277 9
1278 8
1279 10
1280 8
1281 10
1282 14
1283 3
1284 13
1285 4
1286 5
1287 4
1288 10
1289 5
1290 9
1291 11
1292 13
1293 16
1294 3
1295 6
1296 6
1297 14
1298 6
1299 7
1300 7
1301 4
1302 7
1303 6
1304 9
1305 8
1306 25
1307 7
1308 6
1309 10
1310 4
1311 3
1312 9
1313 5
1314 10
1315 9
1316 8
1317 6
1318 9
1319 6
1320 7
1321 6
1322 15
1323 4
1324 10
1325 11
1326 3
1327 5
1328 4
1329 11
1330 5
1331 4
1332 11
1333 17
1334 4
1335 14
1336 7
1337 6
1338 10
1339 4
1340 5
1341 12
1342 13
1343 6
1344 7
1345 5
1346 12
1347 6
1348 8
1349 11
1350 8
1351 4
1352 7
1353 7
1354 5
1355 8
1356 6
1357 5
1358 10
1359 4
1360 6
1361 7
1362 5
1363 4
1364 5
1365 17
1366 7
1367 13
1368 13
1369 11
1370 10
1371 6
1372 4
1373 8
1374 4
1375 6
1376 5
1377 10
1378 9
1379 8
1380 9
1381 3
1382 6
1383 10
1384 14
1385 3
1386 7
1387 4
1388 3
1389 6
1390 8
1391 7
1392 5
1393 6
1394 7
1395 12
1396 4
1397 12
1398 12
1399 9
1400 10
1401 15
1402 5
1403 14
1404 4
1405 10
1406 15
1407 8
1408 15
1409 11
1410 7
1411 14
1412 4
1413 4
1414 4
1415 21
1416 9
1417 6
1418 3
1419 7
1420 7
1421 7
1422 4
1423 13
1424 16
1425 13
1426 6
1427 10
1428 13
1429 7
1430 10
1431 8
1432 5
1433 8
1434 8
1435 5
1436 3
1437 11
1438 4
1439 8
1440 11
1441 10
1442 7
1443 8
1444 7
1445 9
1446 6
1447 7
1448 7
1449 5
1450 4
1451 10
1452 18
1453 9
1454 8
1455 6
1456 8
1457 7
1458 5
1459 9
1460 7
1461 13
1462 11
1463 5
1464 11
1465 8
1466 8
1467 5
1468 7
1469 9
1470 8
1471 8
1472 6
1473 5
1474 6
1475 7
1476 3
1477 7
1478 4
1479 12
1480 9
1481 7
1482 5
1483 4
1484 10
1485 3
1486 8
1487 7
1488 5
1489 9
1490 7
1491 6
1492 7
1493 8
1494 6
1495 7
1496 7
1497 9
1498 16
1499 3
1500 4
1501 6
1502 5
1503 12
1504 9
1505 16
1506 6
1507 10
1508 9
1509 12
1510 10
1511 11
1512 8
1513 12
1514 10
1515 7
1516 8
1517 6
1518 13
1519 4
1520 7
1521 5
1522 5
1523 6
1524 10
1525 4
1526 8
1527 5
1528 22
1529 6
1530 4
1531 7
1532 6
1533 5
1534 3
1535 9
1536 4
1537 11
1538 4
1539 3
1540 7
1541 8
1542 7
1543 12
1544 5
1545 8
1546 6
1547 10
1548 10
1549 9
1550 8
1551 6
1552 7
1553 8
1554 7
1555 9
1556 8
1557 3
1558 6
1559 4
1560 13
1561 5
1562 10
1563 5
1564 9
1565 7
1566 5
1567 20
1568 5
1569 4
1570 4
1571 13
1572 4
1573 11
1574 9
1575 7
1576 6
1577 6
1578 8
1579 9
1580 11
1581 11
1582 6
1583 8
1584 20
1585 8
1586 7
1587 7
1588 10
1589 7
1590 5
1591 8
1592 14
1593 6
1594 5
1595 5
1596 4
1597 6
1598 19
1599 5
1600 8
1601 9
1602 3
1603 16
1604 4
1605 6
1606 6
1607 11
1608 11
1609 3
1610 5
1611 22
1612 6
1613 5
1614 3
1615 10
1616 12
1617 5
1618 8
1619 5
1620 8
1621 9
1622 4
1623 6
1624 8
1625 6
1626 8
1627 7
1628 12
1629 11
1630 4
1631 7
1632 9
1633 11
1634 9
1635 7
1636 5
1637 4
1638 8
1639 5
1640 4
1641 6
1642 7
1643 6
1644 8
1645 9
1646 13
1647 7
1648 16
1649 8
1650 9
1651 13
1652 7
1653 4
1654 3
1655 12
1656 11
1657 4
1658 8
1659 14
1660 5
1661 11
1662 6
1663 13
1664 5
1665 7
1666 4
1667 6
1668 15
1669 6
1670 7
1671 10
1672 15
1673 7
1674 7
1675 11
1676 10
1677 3
1678 4
1679 4
1680 6
1681 10
1682 5
1683 9
1684 7
1685 8
1686 4
1687 7
1688 7
1689 3
1690 10
1691 14
1692 7
1693 5
1694 5
1695 3
1696 9
1697 5
1698 7
1699 6
1700 8
1701 5
1702 12
1703 7
1704 5
1705 3
1706 3
1707 6
1708 5
1709 8
1710 4
1711 5
1712 3
1713 6
1714 6
1715 6
1716 5
1717 7
1718 4
1719 8
1720 7
1721 8
1722 4
1723 10
1724 6
1725 20
1726 5
1727 7
1728 3
1729 5
1730 9
1731 12
1732 10
1733 6
1734 9
1735 4
1736 3
1737 7
1738 8
1739 6
1740 11
1741 7
1742 7
1743 7
1744 12
1745 8
1746 4
1747 4
1748 7
1749 4
1750 6
1751 6
1752 5
1753 7
1754 6
1755 8
1756 9
1757 11
1758 9
1759 3
1760 4
1761 10
1762 5
1763 4
1764 4
1765 9
1766 4
1767 5
1768 7
1769 6
1770 11
1771 7
1772 6
1773 9
1774 9
1775 8
1776 10
1777 6
1778 12
1779 7
1780 13
1781 8
1782 9
1783 9
1784 4
1785 5
1786 7
1787 4
1788 4
1789 6
1790 9
1791 7
1792 7
1793 4
1794 4
1795 4
1796 7
1797 3
1798 5
1799 7
1800 4
1801 5
1802 11
1803 13
1804 8
1805 8
1806 5
1807 11
1808 3
1809 6
1810 7
1811 5
1812 7
1813 5
1814 3
1815 5
1816 5
1817 3
1818 7
1819 4
1820 6
1821 14
1822 11
1823 9
1824 11
1825 5
1826 6
1827 4
1828 8
1829 6
1830 7
1831 10
1832 9
1833 6
1834 4
1835 4
1836 3
1837 10
1838 12
1839 5
1840 8
1841 18
1842 4
1843 4
1844 7
1845 5
1846 5
1847 8
1848 6
1849 3
1850 8
1851 4
1852 6
1853 6
1854 8
1855 5
1856 8
1857 11
1858 8
1859 6
1860 6
1861 9
1862 3
1863 11
1864 11
1865 4
1866 11
1867 8
1868 5
1869 6
1870 5
1871 10
1872 3
1873 3
1874 5
1875 10
1876 7
1877 8
1878 3
1879 5
1880 3
1881 8
1882 8
1883 5
1884 8
1885 9
1886 5
1887 5
1888 4
1889 4
1890 14
1891 10
1892 5
1893 10
1894 7
1895 4
1896 7
1897 6
1898 8
1899 4
1900 8
1901 9
1902 9
1903 14
1904 14
1905 7
1906 7
1907 6
1908 9
1909 5
1910 11
1911 9
1912 6
1913 7
1914 3
1915 8
1916 4
1917 4
1918 8
1919 8
1920 5
1921 4
1922 6
1923 4
1924 5
1925 8
1926 6
1927 9
1928 5
1929 4
1930 3
1931 8
1932 5
1933 4
1934 7
1935 13
1936 10
1937 6
1938 8
1939 4
1940 7
1941 11
1942 3
1943 4
1944 9
1945 11
1946 10
1947 9
1948 6
1949 3
1950 7
1951 8
1952 14
1953 5
1954 5
1955 8
1956 8
1957 6
1958 5
1959 4
1960 4
1961 8
1962 5
1963 3
1964 8
1965 6
1966 5
1967 7
1968 4
1969 3
1970 12
1971 7
1972 4
1973 6
1974 5
1975 7
1976 5
1977 4
1978 6
1979 10
1980 8
1981 5
1982 4
1983 5
1984 10
1985 4
1986 8
1987 8
1988 4
1989 5
1990 6
1991 4
1992 8
1993 6
1994 8
1995 6
1996 5
1997 3
1998 7
1999 5
2000 6
2001 4
2002 10
2003 11
2004 11
2005 5
2006 6
2007 6
2008 4
2009 9
2010 5
2011 4
2012 6
2013 3
2014 7
2015 7
2016 5
2017 4
2018 5
2019 6
2020 8
2021 7
2022 7
2023 6
2024 12
2025 9
2026 10
2027 4
2028 5
2029 3
2030 4
2031 7
2032 5
2033 4
2034 13
2035 9
2036 8
2037 5
2038 6
2039 4
2040 4
2041 3
2042 6
2043 4
2044 4
2045 5
2046 7
2047 5
2048 6
2049 7
2050 14
2051 6
2052 8
2053 5
2054 6
2055 9
2056 3
2057 8
2058 6
2059 7
2060 3
2061 3
2062 8
2063 8
2064 7
2065 5
2066 3
2067 3
2068 10
2069 3
2070 3
2071 4
2072 4
2073 6
2074 12
2075 5
2076 7
2077 7
2078 4
2079 6
2080 8
2081 6
2082 7
2083 3
2084 9
2085 4
2086 3
2087 11
2088 6
2089 3
2090 5
2091 7
2092 6
2093 6
2094 9
2095 9
2096 10
2097 5
2098 10
2099 3
2100 4
2101 4
2102 6
2103 7
2104 5
2105 6
2106 8
2107 5
2108 9
2109 6
2110 8
2111 9
2112 5
2113 4
2114 5
2115 12
2116 5
2117 6
2118 13
2119 12
2120 10
2121 3
2122 6
2123 6
2124 3
2125 3
2126 4
2127 4
2128 6
2129 4
2130 4
2131 5
2132 4
2133 10
2134 5
2135 4
2136 5
2137 4
2138 3
2139 3
2140 6
2141 5
2142 10
2143 10
2144 6
2145 6
2146 6
2147 4
2148 4
2149 8
2150 4
2151 4
2152 9
2153 3
2154 3
2155 8
2156 6
2157 15
2158 8
2159 5
2160 5
2161 4
2162 8
2163 15
2164 7
2165 5
2166 5
2167 8
2168 8
2169 3
2170 12
2171 6
2172 4
2173 9
2174 4
2175 10
2176 8
2177 10
2178 6
2179 12
2180 5
2181 7
2182 5
2183 9
2184 5
2185 11
2186 5
2187 4
2188 10
2189 7
2190 6
2191 4
2192 6
2193 5
2194 10
2195 3
2196 16
2197 10
2198 6
2199 5
2200 16
2201 8
2202 6
2203 11
2204 3
2205 5
2206 9
2207 6
2208 4
2209 5
2210 11
2211 6
2212 6
2213 4
2214 4
2215 4
2216 8
2217 4
2218 3
2219 4
2220 6
2221 4
2222 5
2223 3
2224 15
2225 3
2226 4
2227 4
2228 5
2229 4
2230 3
2231 7
2232 4
2233 10
2234 5
2235 4
2236 7
2237 8
2238 10
2239 5
2240 4
2241 6
2242 5
2243 4
2244 5
2245 7
2246 12
2247 7
2248 5
2249 11
2250 9
2251 6
2252 5
2253 4
2254 13
2255 5
2256 7
2257 5
2258 8
2259 3
2260 8
2261 5
2262 7
2263 5
2264 6
2265 10
2266 10
2267 8
2268 6
2269 4
2270 4
2271 12
2272 4
2273 3
2274 5
2275 12
2276 6
2277 14
2278 7
2279 6
2280 7
2281 4
2282 6
2283 7
2284 8
2285 5
2286 3
2287 6
2288 5
2289 4
2290 5
2291 4
2292 3
2293 5
2294 4
2295 3
2296 9
2297 6
2298 10
2299 3
2300 4
2301 9
2302 7
2303 6
2304 4
2305 3
2306 5
2307 6
2308 4
2309 7
2310 5
2311 3
2312 4
2313 3
2314 5
2315 3
2316 5
2317 3
2318 5
2319 6
2320 10
2321 3
2322 5
2323 3
2324 6
2325 5
2326 7
2327 9
2328 5
2329 5
2330 7
2331 3
2332 5
2333 3
2334 3
2335 7
2336 6
2337 4
2338 7
2339 12
2340 5
2341 6
2342 7
2343 7
2344 7
2345 7
2346 5
2347 3
2348 6
2349 5
2350 4
2351 8
2352 5
2353 8
2354 5
2355 6
2356 4
2357 7
2358 10
2359 3
2360 6
2361 7
2362 5
2363 6
2364 3
2365 7
2366 5
2367 4
2368 10
2369 9
2370 10
2371 10
2372 5
2373 5
2374 6
2375 10
2376 3
2377 5
2378 7
2379 7
2380 6
2381 3
2382 6
2383 13
2384 4
2385 6
2386 3
2387 6
2388 5
2389 5
2390 6
2391 7
2392 8
2393 9
2394 4
2395 7
2396 6
2397 6
2398 5
2399 3
2400 7
2401 6
2402 9
2403 6
2404 4
2405 3
2406 6
2407 4
2408 6
2409 11
2410 4
2411 6
2412 10
2413 4
2414 5
2415 3
2416 6
2417 6
2418 9
2419 6
2420 9
2421 6
2422 4
2423 4
2424 5
2425 4
2426 9
2427 9
2428 8
2429 3
2430 5
2431 10
2432 3
2433 3
2434 4
2435 7
2436 5
2437 4
2438 6
2439 7
2440 7
2441 3
2442 4
2443 5
2444 5
2445 4
2446 6
2447 5
2448 6
2449 6
2450 12
2451 8
2452 7
2453 3
2454 10
2455 5
2456 6
2457 9
2458 10
2459 4
2460 8
2461 8
2462 7
2463 4
2464 7
2465 5
2466 9
2467 7
2468 5
2469 3
2470 3
2471 3
2472 7
2473 7
2474 5
2475 5
2476 7
2477 3
2478 9
2479 3
2480 6
2481 4
2482 3
2483 4
2484 10
2485 3
2486 18
2487 3
2488 4
2489 5
2490 5
2491 4
2492 4
2493 5
2494 3
2495 10
2496 4
2497 8
2498 10
2499 3
2500 5
2501 9
2502 8
2503 4
2504 6
2505 6
2506 9
2507 8
2508 8
2509 6
2510 4
2511 11
2512 3
2513 6
2514 5
2515 11
2516 5
2517 6
2518 3
2519 3
2520 7
2521 5
2522 4
2523 4
2524 4
2525 5
2526 5
2527 7
2528 4
2529 5
2530 3
2531 3
2532 5
2533 5
2534 6
2535 6
2536 3
2537 10
2538 9
2539 5
2540 5
2541 5
2542 4
2543 5
2544 3
2545 5
2546 4
2547 5
2548 6
2549 8
2550 6
2551 4
2552 9
2553 10
2554 9
2555 5
2556 6
2557 6
2558 6
2559 3
2560 5
2561 19
2562 7
2563 8
2564 4
2565 9
2566 6
2567 7
2568 11
2569 12
2570 3
2571 5
2572 4
2573 4
2574 5
2575 3
2576 7
2577 9
2578 6
2579 4
2580 5
2581 6
2582 6
2583 3
2584 7
2585 3
2586 7
2587 5
2588 6
2589 3
2590 4
2591 4
2592 8
2593 4
2594 5
2595 6
2596 6
2597 5
2598 7
2599 4
2600 9
2601 7
2602 4
2603 7
2604 5
2605 3
2606 6
2607 3
2608 6
2609 4
2610 4
2611 4
2612 6
2613 6
2614 4
2615 6
2616 5
2617 3
2618 3
2619 10
2620 11
2621 7
2622 5
2623 4
2624 3
2625 5
2626 6
2627 8
2628 9
2629 3
2630 12
2631 4
2632 6
2633 5
2634 8
2635 7
2636 5
2637 7
2638 5
2639 4
2640 6
2641 5
2642 6
2643 3
2644 3
2645 5
2646 6
2647 7
2648 7
2649 4
2650 11
2651 3
2652 11
2653 4
2654 6
2655 5
2656 4
2657 5
2658 9
2659 7
2660 4
2661 4
2662 6
2663 3
2664 8
2665 5
2666 16
2667 9
2668 7
2669 6
2670 7
2671 6
2672 6
2673 4
2674 8
2675 8
2676 3
2677 3
2678 8
2679 9
2680 8
2681 10
2682 8
2683 4
2684 12
2685 7
2686 4
2687 6
2688 4
2689 9
2690 4
2691 3
2692 3
2693 6
2694 10
2695 12
2696 4
2697 10
2698 3
2699 5
2700 5
2701 3
2702 5
2703 8
2704 12
2705 4
2706 17
2707 4
2708 4
2709 8
2710 7
2711 6
2712 13
2713 6
2714 3
2715 7
2716 9
2717 3
2718 4
2719 5
2720 8
2721 3
2722 4
2723 3
2724 8
2725 9
2726 5
2727 5
2728 10
2729 6
2730 6
2731 3
2732 5
2733 6
2734 5
2735 7
2736 6
2737 4
2738 6
2739 10
2740 6
2741 5
2742 8
2743 6
2744 7
2745 8
2746 3
2747 4
2748 7
2749 12
2750 10
2751 6
2752 5
2753 6
2754 7
2755 4
2756 6
2757 4
2758 6
2759 4
2760 8
2761 3
2762 3
2763 8
2764 6
2765 8
2766 4
2767 9
2768 4
2769 5
2770 10
2771 7
2772 3
2773 11
2774 7
2775 3
2776 5
2777 4
2778 5
2779 4
2780 5
2781 14
2782 9
2783 5
2784 7
2785 4
2786 11
2787 6
2788 6
2789 4
2790 5
2791 4
2792 10
2793 5
2794 7
2795 5
2796 6
2797 6
2798 4
2799 10
2800 6
2801 6
2802 4
2803 4
2804 4
2805 6
2806 3
2807 6
2808 5
2809 4
2810 10
2811 6
2812 6
2813 8
2814 5
2815 8
2816 4
2817 4
2818 4
2819 6
2820 4
2821 4
2822 5
2823 11
2824 7
2825 6
2826 5
2827 3
2828 6
2829 4
2830 5
2831 6
2832 4
2833 8
2834 4
2835 3
2836 5
2837 8
2838 4
2839 7
2840 9
2841 9
2842 9
2843 4
2844 6
2845 3
2846 5
2847 6
2848 3
2849 4
2850 4
2851 5
2852 4
2853 8
2854 4
2855 9
2856 15
2857 9
2858 5
2859 10
2860 5
2861 8
2862 5
2863 8
2864 6
2865 5
2866 7
2867 5
2868 4
2869 3
2870 5
2871 6
2872 9
2873 6
2874 7
2875 5
2876 7
2877 6
2878 4
2879 7
2880 7
2881 12
2882 4
2883 7
2884 5
2885 5
2886 5
2887 4
2888 5
2889 5
2890 4
2891 5
2892 7
2893 10
2894 6
2895 6
2896 4
2897 7
2898 8
2899 5
2900 6
2901 4
2902 5
2903 9
2904 7
2905 3
2906 10
2907 3
2908 7
2909 9
2910 5
2911 3
2912 10
2913 3
2914 3
2915 8
2916 6
2917 7
2918 6
2919 4
2920 8
2921 5
2922 6
2923 4
2924 6
2925 3
2926 4
2927 3
2928 12
2929 5
2930 3
2931 6
2932 8
2933 5
2934 6
2935 5
2936 9
2937 5
2938 6
2939 4
2940 5
2941 4
2942 3
2943 4
2944 4
2945 7
2946 6
2947 5
2948 3
2949 3
2950 6
2951 5
2952 6
2953 4
2954 7
2955 3
2956 4
2957 4
2958 8
2959 3
2960 4
2961 5
2962 4
2963 10
2964 5
2965 5
2966 11
2967 5
2968 7
2969 6
2970 7
2971 10
2972 3
2973 6
2974 3
2975 6
2976 5
2977 6
2978 4
2979 4
2980 3
2981 8
2982 3
2983 5
2984 5
2985 6
2986 4
2987 4
2988 4
2989 5
2990 4
2991 9
2992 7
2993 3
2994 4
2995 6
2996 4
2997 5
2998 3
2999 5
3000 6
3001 9
3002 7
3003 5
3004 4
3005 6
3006 5
3007 3
3008 6
3009 4
3010 5
3011 12
3012 3
3013 10
3014 6
3015 8
3016 10
3017 5
3018 10
3019 8
3020 8
3021 4
3022 4
3023 9
3024 6
3025 4
3026 3
3027 4
3028 9
3029 9
3030 3
3031 11
3032 4
3033 7
3034 7
3035 8
3036 4
3037 4
3038 5
3039 6
3040 6
3041 4
3042 9
3043 4
3044 3
3045 7
3046 6
3047 6
3048 3
3049 3
3050 8
3051 3
3052 8
3053 5
3054 8
3055 4
3056 6
3057 4
3058 6
3059 4
3060 6
3061 5
3062 8
3063 4
3064 5
3065 11
3066 3
3067 6
3068 4
3069 4
3070 4
3071 4
3072 3
3073 5
3074 8
3075 3
3076 3
3077 8
3078 7
3079 4
3080 3
3081 4
3082 6
3083 7
3084 5
3085 5
3086 12
3087 7
3088 6
3089 3
3090 6
3091 7
3092 3
3093 4
3094 7
3095 4
3096 5
3097 5
3098 6
3099 7
3100 5
3101 3
3102 4
3103 5
3104 4
3105 5
3106 3
3107 11
3108 8
3109 4
3110 5
3111 8
3112 7
3113 5
3114 3
3115 3
3116 5
3117 5
3118 3
3119 6
3120 4
3121 3
3122 6
3123 7
3124 7
3125 4
3126 8
3127 4
3128 5
3129 4
3130 5
3131 5
3132 4
3133 11
3134 5
3135 3
3136 4
3137 7
3138 4
3139 8
3140 3
3141 4
3142 6
3143 5
3144 4
3145 7
3146 4
3147 4
3148 6
3149 5
3150 3
3151 5
3152 7
3153 9
3154 3
3155 5
3156 6
3157 3
3158 6
3159 4
3160 4
3161 6
3162 4
3163 3
3164 6
3165 5
3166 6
3167 4
3168 4
3169 8
3170 7
3171 4
3172 6
3173 7
3174 5
3175 3
3176 6
3177 7
3178 5
3179 7
3180 7
3181 7
3182 4
3183 4
3184 3
3185 10
3186 9
3187 3
3188 5
3189 5
3190 3
3191 4
3192 7
3193 6
3194 5
3195 6
3196 6
3197 4
3198 6
3199 10
3200 7
3201 5
3202 4
3203 4
3204 5
3205 3
3206 3
3207 4
3208 5
3209 3
3210 9
3211 5
3212 5
3213 5
3214 3
3215 3
3216 6
3217 10
3218 9
3219 4
3220 7
3221 8
3222 9
3223 3
3224 3
3225 5
3226 5
3227 3
3228 3
3229 4
3230 7
3231 5
3232 3
3233 8
3234 4
3235 5
3236 3
3237 3
3238 3
3239 8
3240 5
3241 5
3242 3
3243 6
3244 3
3245 6
3246 4
3247 4
3248 4
3249 6
3250 4
3251 3
3252 5
3253 10
3254 3
3255 5
3256 3
3257 3
3258 8
3259 4
3260 5
3261 3
3262 5
3263 6
3264 4
3265 4
3266 7
3267 9
3268 7
3269 5
3270 7
3271 4
3272 6
3273 3
3274 3
3275 4
3276 7
3277 3
3278 5
3279 10
3280 3
3281 5
3282 3
3283 6
3284 5
3285 6
3286 5
3287 6
3288 6
3289 7
3290 7
3291 3
3292 4
3293 3
3294 4
3295 9
3296 6
3297 5
3298 3
3299 3
3300 3
3301 5
3302 9
3303 4
3304 9
3305 10
3306 3
3307 7
3308 3
3309 4
3310 5
3311 8
3312 3
3313 4
3314 3
3315 4
3316 10
3317 4
3318 8
3319 6
3320 6
3321 4
3322 10
3323 5
3324 8
3325 7
3326 4
3327 3
3328 6
3329 5
3330 8
3331 6
3332 4
3333 4
3334 8
3335 7
3336 6
3337 7
3338 5
3339 4
3340 8
3341 3
3342 3
3343 6
3344 6
3345 5
3346 7
3347 3
3348 5
3349 4
3350 4
3351 3
3352 4
3353 4
3354 3
3355 4
3356 3
3357 7
3358 7
3359 3
3360 5
3361 8
3362 8
3363 5
3364 3
3365 3
3366 8
3367 5
3368 6
3369 6
3370 3
3371 5
3372 5
3373 5
3374 3
3375 6
3376 6
3377 3
3378 6
3379 5
3380 8
3381 3
3382 5
3383 3
3384 4
3385 3
3386 4
3387 3
3388 7
3389 9
3390 4
3391 4
3392 4
3393 8
3394 5
3395 4
3396 5
3397 5
3398 4
3399 7
3400 3
3401 8
3402 7
3403 3
3404 6
3405 8
3406 3
3407 5
3408 6
3409 5
3410 8
3411 8
3412 8
3413 8
3414 11
3415 4
3416 4
3417 3
3418 6
3419 6
3420 5
3421 5
3422 4
3423 7
3424 10
3425 5
3426 3
3427 7
3428 5
3429 6
3430 5
3431 3
3432 5
3433 5
3434 7
3435 5
3436 6
3437 6
3438 7
3439 6
3440 6
3441 4
3442 4
3443 5
3444 3
3445 8
3446 3
3447 5
3448 8
3449 3
3450 4
3451 6
3452 5
3453 4
3454 5
3455 6
3456 3
3457 6
3458 5
3459 5
3460 3
3461 4
3462 8
3463 3
3464 6
3465 5
3466 5
3467 4
3468 4
3469 6
3470 6
3471 5
3472 5
3473 4
3474 7
3475 5
3476 4
3477 4
3478 4
3479 5
3480 9
3481 4
3482 4
3483 4
3484 3
3485 3
3486 4
3487 5
3488 3
3489 3
3490 4
3491 5
3492 5
3493 6
3494 3
3495 3
3496 6
3497 6
3498 4
3499 3
3500 6
3501 5
3502 3
3503 7
3504 4
3505 4
3506 7
3507 5
3508 4
3509 3
3510 6
3511 4
3512 3
3513 6
3514 4
3515 6
3516 4
3517 5
3518 5
3519 4
3520 5
3521 6
3522 5
3523 3
3524 4
3525 4
3526 4
3527 4
3528 5
3529 6
3530 4
3531 7
3532 3
3533 3
3534 10
3535 4
3536 5
3537 3
3538 6
3539 3
3540 5
3541 9
3542 4
3543 3
3544 5
3545 5
3546 3
3547 10
3548 3
3549 5
3550 8
3551 7
3552 4
3553 3
3554 5
3555 4
3556 8
3557 8
3558 4
3559 3
3560 4
3561 5
3562 5
3563 5
3564 7
3565 10
3566 9
3567 4
3568 6
3569 6
3570 3
3571 10
3572 5
3573 3
3574 5
3575 5
3576 3
3577 5
3578 10
3579 6
3580 4
3581 6
3582 4
3583 5
3584 5
3585 4
3586 4
3587 5
3588 5
3589 3
3590 9
3591 12
3592 8
3593 4
3594 5
3595 5
3596 5
3597 4
3598 10
3599 5
3600 5
3601 6
3602 7
3603 4
3604 5
3605 6
3606 7
3607 5
3608 8
3609 6
3610 4
3611 3
3612 5
3613 3
3614 3
3615 6
3616 5
3617 3
3618 9
3619 4
3620 4
3621 7
3622 3
3623 5
3624 7
3625 4
3626 3
3627 5
3628 3
3629 5
3630 9
3631 3
3632 6
3633 14
3634 7
3635 3
3636 5
3637 5
3638 8
3639 5
3640 6
3641 6
3642 7
3643 6
3644 4
3645 3
3646 5
3647 5
3648 4
3649 3
3650 7
3651 4
3652 5
3653 6
3654 3
3655 4
3656 3
3657 7
3658 5
3659 6
3660 3
3661 5
3662 3
3663 8
3664 3
3665 3
3666 5
3667 5
3668 3
3669 5
3670 3
3671 4
3672 4
3673 4
3674 7
3675 5
3676 6
3677 3
3678 4
3679 5
3680 6
3681 4
3682 6
3683 4
3684 4
3685 3
3686 3
3687 4
3688 6
3689 3
3690 5
3691 4
3692 5
3693 4
3694 4
3695 3
3696 7
3697 3
3698 3
3699 3
3700 3
3701 3
3702 5
3703 7
3704 8
3705 3
3706 6
3707 5
3708 6
3709 5
3710 4
3711 6
3712 5
3713 5
3714 4
3715 5
3716 7
3717 4
3718 7
3719 6
3720 3
3721 3
3722 4
3723 6
3724 4
3725 7
3726 4
3727 8
3728 3
3729 5
3730 7
3731 4
3732 4
3733 9
3734 8
3735 4
3736 3
3737 3
3738 5
3739 5
3740 5
3741 4
3742 4
3743 7
3744 4
3745 4
3746 7
3747 4
3748 6
3749 3
3750 3
3751 5
3752 5
3753 3
3754 3
3755 5
3756 4
3757 4
3758 5
3759 4
3760 4
3761 7
3762 3
3763 7
3764 4
3765 3
3766 4
3767 4
3768 3
3769 3
3770 9
3771 8
3772 15
3773 4
3774 4
3775 4
3776 5
3777 4
3778 5
3779 6
3780 12
3781 3
3782 5
3783 4
3784 4
3785 3
3786 4
3787 4
3788 3
3789 7
3790 4
3791 5
3792 4
3793 3
3794 7
3795 3
3796 7
3797 3
3798 5
3799 7
3800 8
3801 5
3802 5
3803 4
3804 5
3805 3
3806 4
3807 5
3808 7
3809 3
3810 4
3811 7
3812 6
3813 3
3814 4
3815 3
3816 6
3817 5
3818 4
3819 3
3820 4
3821 4
3822 5
3823 4
3824 4
3825 5
3826 4
3827 4
3828 5
3829 4
3830 6
3831 3
3832 5
3833 7
3834 7
3835 3
3836 3
3837 4
3838 3
3839 5
3840 4
3841 3
3842 3
3843 5
3844 7
3845 4
3846 4
3847 3
3848 4
3849 7
3850 3
3851 4
3852 4
3853 6
3854 3
3855 7
3856 3
3857 3
3858 11
3859 3
3860 4
3861 5
3862 6
3863 7
3864 5
3865 4
3866 4
3867 3
3868 3
3869 7
3870 3
3871 5
3872 3
3873 8
3874 5
3875 3
3876 3
3877 4
3878 9
3879 7
3880 4
3881 4
3882 8
3883 11
3884 3
3885 4
3886 4
3887 5
3888 5
3889 4
3890 3
3891 5
3892 10
3893 6
3894 5
3895 4
3896 5
3897 4
3898 7
3899 4
3900 4
3901 3
3902 8
3903 4
3904 5
3905 5
3906 11
3907 4
3908 7
3909 4
3910 5
3911 3
3912 6
3913 3
3914 5
3915 3
3916 6
3917 5
3918 8
3919 5
3920 6
3921 5
3922 3
3923 5
3924 5
3925 5
3926 6
3927 6
3928 4
3929 3
3930 4
3931 5
3932 3
3933 4
3934 5
3935 4
3936 4
3937 4
3938 4
3939 5
3940 3
3941 7
3942 3
3943 5
3944 4
3945 3
3946 6
3947 6
3948 4
3949 5
3950 7
3951 5
3952 6
3953 7
3954 7
3955 6
3956 3
3957 6
3958 4
3959 3
3960 3
3961 5
3962 11
3963 4
3964 4
3965 4
3966 10
3967 4
3968 3
3969 7
3970 4
3971 3
3972 5
3973 5
3974 4
3975 4
3976 7
3977 5
3978 7
3979 5
3980 4
3981 4
3982 5
3983 4
3984 4
3985 6
3986 5
3987 3
3988 7
3989 8
3990 4
3991 5
3992 3
3993 5
3994 4
3995 6
3996 4
3997 4
3998 6
3999 7
4000 7
4001 5
4002 3
4003 5
4004 4
4005 4
4006 3
4007 3
4008 9
4009 4
4010 3
4011 3
4012 6
4013 7
4014 6
4015 14
4016 6
4017 4
4018 8
4019 4
4020 3
4021 7
4022 4
4023 3
4024 3
4025 3
4026 6
4027 6
4028 3
4029 4
4030 5
4031 6
4032 6
4033 3
4034 4
4035 5
4036 6
4037 3
4038 5
4039 5
4040 3
4041 4
4042 4
4043 7
4044 5
4045 6
4046 6
4047 4
4048 5
4049 5
4050 6
4051 7
4052 3
4053 4
4054 4
4055 6
4056 5
4057 4
4058 4
4059 3
4060 7
4061 3
4062 3
4063 4
4064 11
4065 5
4066 4
4067 3
4068 4
4069 4
4070 3
4071 4
4072 6
4073 5
4074 4
4075 3
4076 4
4077 5
4078 4
4079 3
4080 3
4081 5
4082 8
4083 3
4084 5
4085 3
4086 3
4087 4
4088 5
4089 4
4090 3
4091 7
4092 4
4093 3
4094 3
4095 6
4096 3
4097 6
4098 4
4099 3
4100 4
4101 6
4102 3
4103 7
4104 3
4105 5
4106 8
4107 5
4108 5
4109 7
4110 3
4111 3
4112 4
4113 5
4114 4
4115 4
4116 3
4117 5
4118 6
4119 4
4120 3
4121 7
4122 6
4123 3
4124 4
4125 5
4126 7
4127 3
4128 6
4129 4
4130 10
4131 4
4132 9
4133 3
4134 3
4135 6
4136 7
4137 12
4138 4
4139 6
4140 4
4141 5
4142 7
4143 4
4144 7
4145 5
4146 4
4147 6
4148 4
4149 3
4150 6
4151 6
4152 6
4153 6
4154 4
4155 7
4156 3
4157 4
4158 5
4159 5
4160 4
4161 7
4162 3
4163 3
4164 4
4165 3
4166 4
4167 4
4168 4
4169 6
4170 5
4171 5
4172 3
4173 5
4174 3
4175 3
4176 6
4177 3
4178 9
4179 3
4180 4
4181 6
4182 8
4183 4
4184 9
4185 5
4186 4
4187 6
4188 5
4189 3
4190 3
4191 5
4192 4
4193 3
4194 4
4195 3
4196 3
4197 5
4198 4
4199 6
4200 9
4201 3
4202 3
4203 5
4204 3
4205 3
4206 4
4207 6
4208 4
4209 3
4210 4
4211 3
4212 8
4213 4
4214 4
4215 4
4216 5
4217 3
4218 3
4219 4
4220 4
4221 3
4222 6
4223 4
4224 5
4225 8
4226 5
4227 4
4228 6
4229 4
4230 5
4231 6
4232 3
4233 4
4234 3
4235 3
4236 6
4237 7
4238 3
4239 3
4240 7
4241 4
4242 7
4243 3
4244 8
4245 6
4246 3
4247 4
4248 4
4249 6
4250 3
4251 3
4252 7
4253 5
4254 4
4255 8
4256 5
4257 4
4258 7
4259 5
4260 3
4261 6
4262 3
4263 3
4264 6
4265 4
4266 4
4267 6
4268 6
4269 4
4270 5
4271 3
4272 4
4273 5
4274 3
4275 5
4276 7
4277 3
4278 5
4279 7
4280 4
4281 3
4282 4
4283 4
4284 4
4285 6
4286 9
4287 6
4288 3
4289 3
4290 9
4291 3
4292 5
4293 3
4294 7
4295 5
4296 5
4297 6
4298 5
4299 3
4300 3
4301 3
4302 5
4303 5
4304 3
4305 4
4306 6
4307 5
4308 9
4309 3
4310 4
4311 6
4312 5
4313 4
4314 3
4315 5
4316 5
4317 4
4318 4
4319 3
4320 3
4321 3
4322 3
4323 4
4324 4
4325 3
4326 4
4327 3
4328 4
4329 4
4330 5
4331 7
4332 4
4333 5
4334 4
4335 6
4336 5
4337 3
4338 4
4339 7
4340 4
4341 3
4342 6
4343 5
4344 11
4345 3
4346 5
4347 3
4348 4
4349 3
4350 4
4351 10
4352 3
4353 3
4354 4
4355 3
4356 4
4357 3
4358 6
4359 4
4360 3
4361 3
4362 5
4363 8
4364 5
4365 5
4366 5
4367 3
4368 3
4369 5
4370 4
4371 7
4372 4
4373 3
4374 4
4375 6
4376 5
4377 6
4378 7
4379 5
4380 3
4381 6
4382 5
4383 3
4384 6
4385 3
4386 4
4387 3
4388 3
4389 4
4390 6
4391 5
4392 6
4393 4
4394 6
4395 4
4396 4
4397 3
4398 8
4399 6
4400 12
4401 6
4402 5
4403 4
4404 5
4405 3
4406 4
4407 4
4408 3
4409 4
4410 5
4411 8
4412 6
4413 5
4414 5
4415 4
4416 3
4417 5
4418 6
4419 3
4420 3
4421 5
4422 3
4423 4
4424 3
4425 4
4426 8
4427 3
4428 3
4429 3
4430 4
4431 4
4432 3
4433 3
4434 4
4435 4
4436 5
4437 6
4438 5
4439 4
4440 5
4441 5
4442 6
4443 4
4444 3
4445 4
4446 7
4447 4
4448 4
4449 4
4450 3
4451 4
4452 6
4453 5
4454 5
4455 4
4456 5
4457 8
4458 3
4459 5
4460 5
4461 4
4462 4
4463 7
4464 4
4465 4
4466 3
4467 4
4468 3
4469 4
4470 5
4471 9
4472 5
4473 4
4474 4
4475 4
4476 7
4477 4
4478 4
4479 3
4480 4
4481 4
4482 4
4483 3
4484 3
4485 7
4486 4
4487 3
4488 5
4489 4
4490 4
4491 3
4492 4
4493 4
4494 3
4495 3
4496 4
4497 4
4498 3
4499 6
4500 4
4501 7
4502 3
4503 3
4504 4
4505 5
4506 3
4507 4
4508 6
4509 3
4510 3
4511 3
4512 3
4513 4
4514 7
4515 5
4516 5
4517 7
4518 10
4519 4
4520 3
4521 4
4522 3
4523 4
4524 4
4525 4
4526 8
4527 4
4528 5
4529 4
4530 3
4531 4
4532 7
4533 4
4534 3
4535 5
4536 5
4537 4
4538 3
4539 4
4540 8
4541 4
4542 3
4543 5
4544 4
4545 4
4546 5
4547 4
4548 3
4549 6
4550 4
4551 6
4552 5
4553 3
4554 4
4555 6
4556 4
4557 5
4558 4
4559 5
4560 6
4561 4
4562 6
4563 4
4564 5
4565 5
4566 3
4567 3
4568 4
4569 3
4570 6
4571 3
4572 5
4573 3
4574 3
4575 4
4576 3
4577 4
4578 4
4579 5
4580 6
4581 6
4582 4
4583 3
4584 4
4585 4
4586 4
4587 6
4588 4
4589 5
4590 4
4591 8
4592 3
4593 9
4594 4
4595 3
4596 7
4597 4
4598 3
4599 6
4600 5
4601 7
4602 7
4603 4
4604 4
4605 5
4606 5
4607 5
4608 4
4609 3
4610 5
4611 4
4612 3
4613 4
4614 4
4615 3
4616 3
4617 6
4618 3
4619 3
4620 4
4621 3
4622 8
4623 5
4624 7
4625 4
4626 5
4627 8
4628 5
4629 7
4630 3
4631 5
4632 6
4633 4
4634 3
4635 3
4636 3
4637 3
4638 3
4639 5
4640 4
4641 4
4642 4
4643 3
4644 4
4645 5
4646 5
4647 5
4648 4
4649 3
4650 5
4651 5
4652 3
4653 4
4654 4
4655 5
4656 4
4657 3
4658 4
4659 4
4660 4
4661 3
4662 5
4663 7
4664 3
4665 5
4666 7
4667 6
4668 3
4669 4
4670 3
4671 4
4672 7
4673 3
4674 5
4675 3
4676 3
4677 3
4678 5
4679 3
4680 4
4681 4
4682 4
4683 3
4684 7
4685 5
4686 5
4687 3
4688 4
4689 3
4690 3
4691 3
4692 7
4693 3
4694 3
4695 3
4696 4
4697 4
4698 6
4699 4
4700 5
4701 4
4702 4
4703 6
4704 4
4705 3
4706 3
4707 4
4708 3
4709 3
4710 4
4711 3
4712 4
4713 4
4714 3
4715 5
4716 5
4717 5
4718 6
4719 5
4720 4
4721 4
4722 4
4723 3
4724 4
4725 5
4726 3
4727 3
4728 3
4729 6
4730 4
4731 3
4732 5
4733 4
4734 4
4735 5
4736 3
4737 3
4738 3
4739 3
4740 4
4741 4
4742 3
4743 4
4744 5
4745 3
4746 4
4747 4
4748 3
4749 4
4750 4
4751 5
4752 3
4753 5
4754 4
4755 4
4756 5
4757 7
4758 4
4759 4
4760 6
4761 6
4762 3
4763 5
4764 5
4765 3
4766 5
4767 3
4768 6
4769 5
4770 6
4771 4
4772 5
4773 4
4774 3
4775 4
4776 6
4777 3
4778 3
4779 3
4780 4
4781 3
4782 4
4783 3
4784 3
4785 7
4786 4
4787 4
4788 5
4789 6
4790 5
4791 5
4792 6
4793 3
4794 5
4795 3
4796 3
4797 4
4798 4
4799 3
4800 3
4801 3
4802 5
4803 3
4804 3
4805 3
4806 3
4807 3
4808 9
4809 5
4810 8
4811 4
4812 4
4813 8
4814 4
4815 3
4816 3
4817 4
4818 5
4819 3
4820 4
4821 6
4822 4
4823 5
4824 4
4825 3
4826 7
4827 4
4828 4
4829 3
4830 3
4831 4
4832 3
4833 3
4834 3
4835 5
4836 5
4837 4
4838 4
4839 3
4840 3
4841 3
4842 4
4843 5
4844 4
4845 5
4846 3
4847 4
4848 5
4849 4
4850 3
4851 4
4852 4
4853 6
4854 6
4855 5
4856 7
4857 8
4858 7
4859 3
4860 7
4861 4
4862 6
4863 5
4864 5
4865 4
4866 4
4867 4
4868 4
4869 4
4870 7
4871 6
4872 5
4873 6
4874 6
4875 6
4876 3
4877 3
4878 3
4879 5
4880 4
4881 3
4882 3
4883 3
4884 3
4885 4
4886 4
4887 3
4888 3
4889 6
4890 3
4891 3
4892 4
4893 4
4894 4
4895 6
4896 5
4897 3
4898 3
4899 5
4900 5
4901 4
4902 6
4903 3
4904 4
4905 6
4906 7
4907 5
4908 4
4909 3
4910 4
4911 3
4912 4
4913 5
4914 4
4915 3
4916 4
4917 5
4918 4
4919 4
4920 4
4921 5
4922 3
4923 5
4924 3
4925 3
4926 5
4927 3
4928 5
4929 5
4930 4
4931 4
4932 3
4933 5
4934 4
4935 5
4936 4
4937 3
4938 5
4939 4
4940 4
4941 5
4942 4
4943 3
4944 3
4945 3
4946 4
4947 3
4948 3
4949 4
4950 4
4951 4
4952 6
4953 4
4954 4
4955 8
4956 5
4957 4
4958 3
4959 3
4960 3
4961 5
4962 3
4963 4
4964 7
4965 5
4966 6
4967 4
4968 3
4969 3
4970 3
4971 4
4972 3
4973 5
4974 3
4975 3
4976 6
4977 5
4978 3
4979 5
4980 6
4981 3
4982 3
4983 5
4984 3
4985 4
4986 4
4987 4
4988 4
4989 3
4990 4
4991 3
4992 4
4993 5
4994 3
4995 4
4996 4
4997 3
4998 3
4999 4
5000 4
5001 3
5002 3
5003 4
5004 3
5005 4
5006 4
5007 3
5008 5
5009 4
5010 3
5011 4
5012 4
5013 3
5014 3
5015 6
5016 4
5017 3
5018 4
5019 7
5020 4
5021 5
5022 4
5023 4
5024 4
5025 5
5026 4
5027 5
5028 3
5029 3
5030 4
5031 3
5032 5
5033 3
5034 3
5035 9
5036 4
5037 3
5038 3
5039 4
5040 3
5041 5
5042 5
5043 4
5044 5
5045 3
5046 4
5047 6
5048 5
5049 5
5050 3
5051 5
5052 4
5053 6
5054 5
5055 5
5056 3
5057 4
5058 7
5059 3
5060 4
5061 3
5062 3
5063 7
5064 6
5065 4
5066 4
5067 3
5068 5
5069 6
5070 4
5071 4
5072 6
5073 4
5074 4
5075 6
5076 5
5077 3
5078 3
5079 4
5080 4
5081 7
5082 3
5083 4
5084 4
5085 5
5086 4
5087 6
5088 3
5089 4
5090 3
5091 6
5092 4
5093 3
5094 8
5095 4
5096 5
5097 5
5098 3
5099 5
5100 3
5101 3
5102 4
5103 7
5104 6
5105 4
5106 4
5107 6
5108 6
5109 4
5110 3
5111 6
5112 5
5113 4
5114 3
5115 3
5116 3
5117 3
5118 3
5119 6
5120 7
5121 4
5122 3
5123 4
5124 4
5125 6
5126 4
5127 3
5128 4
5129 8
5130 3
5131 3
5132 5
5133 3
5134 7
5135 5
5136 5
5137 3
5138 4
5139 3
5140 4
5141 4
5142 4
5143 7
5144 8
5145 6
5146 4
5147 3
5148 4
5149 3
5150 4
5151 8
5152 3
5153 5
5154 4
5155 7
5156 3
5157 5
5158 3
5159 4
5160 3
5161 3
5162 4
5163 4
5164 3
5165 4
5166 4
5167 4
5168 3
5169 3
5170 3
5171 4
5172 6
5173 5
5174 3
5175 3
5176 4
5177 6
5178 3
5179 3
5180 3
5181 4
5182 5
5183 7
5184 3
5185 3
5186 3
5187 5
5188 4
5189 4
5190 5
5191 3
5192 4
5193 3
5194 3
5195 3
5196 3
5197 3
5198 4
5199 3
5200 4
5201 3
5202 4
5203 3
5204 3
5205 4
5206 3
5207 4
5208 3
5209 8
5210 5
5211 3
5212 6
5213 3
5214 3
5215 4
5216 5
5217 3
5218 3
5219 3
5220 6
5221 4
5222 4
5223 8
5224 4
5225 6
5226 3
5227 3
5228 3
5229 5
5230 3
5231 4
5232 3
5233 4
5234 3
5235 6
5236 3
5237 6
5238 5
5239 3
5240 3
5241 5
5242 3
5243 5
5244 4
5245 3
5246 5
5247 4
5248 3
5249 7
5250 3
5251 3
5252 5
5253 4
5254 3
5255 4
5256 9
5257 9
5258 4
5259 5
5260 3
5261 4
5262 5
5263 3
5264 4
5265 4
5266 5
5267 4
5268 3
5269 5
5270 4
5271 4
5272 4
5273 5
5274 3
5275 4
5276 4
5277 3
5278 4
5279 3
5280 5
5281 3
5282 4
5283 6
5284 7
5285 4
5286 5
5287 4
5288 3
5289 5
5290 6
5291 3
5292 4
5293 3
5294 5
5295 5
5296 4
5297 3
5298 4
5299 4
5300 3
5301 5
5302 3
5303 4
5304 3
5305 3
5306 5
5307 5
5308 5
5309 3
5310 5
5311 5
5312 3
5313 3
5314 6
5315 5
5316 4
5317 4
5318 4
5319 5
5320 5
5321 5
5322 5
5323 3
5324 8
5325 5
5326 4
5327 3
5328 4
5329 6
5330 3
5331 4
5332 3
5333 4
5334 3
5335 3
5336 3
5337 6
5338 3
5339 6
5340 4
5341 3
5342 3
5343 6
5344 4
5345 5
5346 3
5347 3
5348 8
5349 5
5350 4
5351 5
5352 5
5353 5
5354 4
5355 3
5356 3
5357 4
5358 5
5359 5
5360 4
5361 3
5362 6
5363 4
5364 5
5365 5
5366 4
5367 3
5368 4
5369 3
5370 3
5371 3
5372 4
5373 4
5374 4
5375 4
5376 3
5377 3
5378 3
5379 4
5380 3
5381 4
5382 7
5383 3
5384 3
5385 3
5386 4
5387 3
5388 3
5389 8
5390 3
5391 3
5392 3
5393 5
5394 4
5395 3
5396 3
5397 6
5398 3
5399 3
5400 3
5401 3
5402 3
5403 5
5404 5
5405 3
5406 6
5407 6
5408 3
5409 5
5410 3
5411 3
5412 3
5413 7
5414 4
5415 6
5416 4
5417 5
5418 3
5419 7
5420 4
5421 3
5422 4
5423 5
5424 6
5425 3
5426 3
5427 3
5428 3
5429 4
5430 3
5431 4
5432 4
5433 3
5434 3
5435 4
5436 5
5437 5
5438 4
5439 3
5440 3
5441 4
5442 4
5443 5
5444 3
5445 7
5446 4
5447 4
5448 4
5449 3
5450 4
5451 5
5452 7
5453 3
5454 4
5455 4
5456 3
5457 3
5458 4
5459 3
5460 4
5461 5
5462 3
5463 3
5464 3
5465 3
5466 5
5467 4
5468 6
5469 3
5470 4
5471 5
5472 5
5473 6
5474 5
5475 3
5476 4
5477 5
5478 5
5479 3
5480 4
5481 3
5482 4
5483 5
5484 4
5485 3
5486 4
5487 5
5488 5
5489 3
5490 6
5491 3
5492 6
5493 3
5494 4
5495 5
5496 3
5497 3
5498 3
5499 3
5500 5
5501 6
5502 5
5503 4
5504 5
5505 4
5506 5
5507 3
5508 3
5509 5
5510 4
5511 3
5512 4
5513 4
5514 6
5515 3
5516 7
5517 3
5518 4
5519 4
5520 3
5521 4
5522 3
5523 6
5524 3
5525 4
5526 3
5527 5
5528 3
5529 4
5530 4
5531 4
5532 6
5533 6
5534 3
5535 3
5536 3
5537 5
5538 5
5539 5
5540 4
5541 3
5542 4
5543 3
5544 6
5545 4
5546 3
5547 3
5548 4
5549 4
5550 9
5551 4
5552 3
5553 3
5554 3
5555 5
5556 6
5557 3
5558 3
5559 4
5560 4
5561 3
5562 3
5563 4
5564 4
5565 4
5566 3
5567 4
5568 5
5569 3
5570 6
5571 3
5572 3
5573 3
5574 4
5575 4
5576 4
5577 6
5578 3
5579 5
5580 4
5581 3
5582 5
5583 5
5584 5
5585 3
5586 5
5587 3
5588 3
5589 4
5590 4
5591 5
5592 4
5593 3
5594 3
5595 4
5596 3
5597 4
5598 5
5599 3
5600 4
5601 6
5602 7
5603 5
5604 5
5605 3
5606 5
5607 3
5608 4
5609 4
5610 4
5611 3
5612 6
5613 3
5614 5
5615 3
5616 3
5617 5
5618 5
5619 4
5620 3
5621 8
5622 4
5623 5
5624 5
5625 4
5626 5
5627 3
5628 3
5629 4
5630 4
5631 3
5632 5
5633 4
5634 5
5635 3
5636 3
5637 4
5638 4
5639 3
5640 3
5641 5
5642 5
5643 4
5644 3
5645 3
5646 6
5647 3
5648 3
5649 4
5650 3
5651 3
5652 7
5653 4
5654 5
5655 5
5656 3
5657 3
5658 3
5659 4
5660 6
5661 3
5662 3
5663 4
5664 6
5665 4
5666 3
5667 3
5668 3
5669 4
5670 4
5671 3
5672 3
5673 3
5674 3
5675 4
5676 3
5677 6
5678 3
5679 3
5680 4
5681 3
5682 4
5683 5
5684 8
5685 5
5686 4
5687 3
5688 6
5689 4
5690 3
5691 5
5692 5
5693 3
5694 9
5695 5
5696 5
5697 5
5698 3
5699 5
5700 4
5701 5
5702 3
5703 3
5704 4
5705 6
5706 4
5707 4
5708 7
5709 3
5710 6
5711 6
5712 4
5713 6
5714 5
5715 3
5716 3
5717 3
5718 4
5719 4
5720 4
5721 3
5722 6
5723 3
5724 4
5725 4
5726 4
5727 5
5728 3
5729 4
5730 5
5731 7
5732 3
5733 3
5734 3
5735 3
5736 4
5737 3
5738 3
5739 4
5740 3
5741 4
5742 4
5743 3
5744 4
5745 3
5746 5
5747 4
5748 5
5749 6
5750 3
5751 5
5752 6
5753 4
5754 4
5755 4
5756 3
5757 4
5758 4
5759 4
5760 3
5761 7
5762 3
5763 4
5764 4
5765 3
5766 3
5767 6
5768 5
5769 5
5770 4
5771 4
5772 5
5773 3
5774 4
5775 3
5776 4
5777 4
5778 3
5779 4
5780 3
5781 3
5782 3
5783 3
5784 4
5785 5
5786 4
5787 5
5788 3
5789 3
5790 6
5791 4
5792 3
5793 3
5794 3
5795 4
5796 4
5797 3
5798 3
5799 3
5800 4
5801 5
5802 4
5803 8
5804 4
5805 3
5806 7
5807 4
5808 4
5809 4
5810 4
5811 4
5812 7
5813 3
5814 3
5815 5
5816 5
5817 3
5818 4
5819 6
5820 4
5821 3
5822 5
5823 5
5824 4
5825 3
5826 4
5827 4
5828 3
5829 5
5830 3
5831 5
5832 3
5833 5
5834 3
5835 7
5836 7
5837 4
5838 5
5839 4
5840 4
5841 4
5842 4
5843 3
5844 4
5845 4
5846 6
5847 3
5848 3
5849 4
5850 3
5851 3
5852 4
5853 5
5854 6
5855 3
5856 5
5857 5
5858 4
5859 4
5860 4
5861 4
5862 4
5863 4
5864 4
5865 4
5866 4
5867 3
5868 3
5869 5
5870 3
5871 3
5872 7
5873 5
5874 3
5875 3
5876 4
5877 3
5878 3
5879 4
5880 3
5881 4
5882 5
5883 3
5884 5
5885 6
5886 3
5887 4
5888 3
5889 5
5890 7
5891 3
5892 4
5893 3
5894 3
5895 5
5896 3
5897 5
5898 4
5899 4
5900 3
5901 4
5902 4
5903 4
5904 5
5905 3
5906 4
5907 5
5908 5
5909 4
5910 3
5911 4
5912 4
5913 5
5914 3
5915 3
5916 6
5917 6
5918 4
5919 5
5920 5
5921 4
5922 6
5923 4
5924 3
5925 3
5926 5
5927 3
5928 3
5929 4
5930 4
5931 4
5932 4
5933 3
5934 4
5935 4
5936 3
5937 3
5938 3
5939 3
5940 3
5941 4
5942 3
5943 3
5944 3
5945 5
5946 3
5947 4
5948 4
5949 3
5950 4
5951 3
5952 3
5953 4
5954 3
5955 3
5956 3
5957 3
5958 4
5959 3
5960 5
5961 3
5962 3
5963 3
5964 3
5965 4
5966 4
5967 3
5968 3
5969 4
5970 5
5971 3
5972 3
5973 3
5974 5
5975 3
5976 3
5977 3
5978 5
5979 4
5980 4
5981 4
5982 3
5983 3
5984 4
5985 8
5986 3
5987 4
5988 4
5989 3
5990 4
5991 7
5992 3
5993 3
5994 4
5995 4
5996 3
5997 5
5998 3
5999 3
6000 4
6001 3
6002 3
6003 3
6004 3
6005 7
6006 6
6007 4
6008 4
6009 3
6010 3
6011 4
6012 3
6013 3
6014 7
6015 4
6016 4
6017 4
6018 3
6019 4
6020 4
6021 3
6022 5
6023 3
6024 3
6025 3
6026 5
6027 3
6028 4
6029 3
6030 4
6031 3
6032 3
6033 5
6034 4
6035 6
6036 3
6037 3
6038 4
6039 3
6040 4
6041 3
6042 3
6043 4
6044 3
6045 3
6046 3
6047 3
6048 3
6049 5
6050 5
6051 3
6052 5
6053 4
6054 4
6055 4
6056 4
6057 4
6058 3
6059 4
6060 3
6061 3
6062 3
6063 5
6064 4
6065 3
6066 4
6067 4
6068 5
6069 3
6070 4
6071 3
6072 3
6073 3
6074 5
6075 3
6076 5
6077 3
6078 4
6079 5
6080 4
6081 3
6082 3
6083 5
6084 3
6085 3
6086 4
6087 4
6088 5
6089 4
6090 4
6091 4
6092 3
6093 4
6094 3
6095 5
6096 5
6097 3
6098 3
6099 3
6100 4
6101 4
6102 3
6103 4
6104 4
6105 3
6106 4
6107 4
6108 3
6109 4
6110 3
6111 4
6112 5
6113 3
6114 4
6115 3
6116 3
6117 4
6118 3
6119 4
6120 3
6121 3
6122 4
6123 3
6124 4
6125 3
6126 3
6127 3
6128 4
6129 5
6130 4
6131 3
6132 4
6133 6
6134 3
6135 5
6136 3
6137 4
6138 3
6139 4
6140 5
6141 4
6142 4
6143 5
6144 3
6145 3
6146 4
6147 6
6148 4
6149 4
6150 4
6151 3
6152 3
6153 3
6154 3
6155 3
6156 4
6157 5
6158 4
6159 3
6160 3
6161 6
6162 3
6163 5
6164 6
6165 4
6166 5
6167 3
6168 3
6169 3
6170 7
6171 6
6172 4
6173 3
6174 4
6175 3
6176 3
6177 4
6178 4
6179 3
6180 5
6181 3
6182 3
6183 5
6184 3
6185 4
6186 3
6187 4
6188 5
6189 5
6190 5
6191 3
6192 5
6193 4
6194 4
6195 6
6196 3
6197 3
6198 3
6199 4
6200 3
6201 3
6202 4
6203 3
6204 3
6205 3
6206 4
6207 3
6208 3
6209 4
6210 4
6211 5
6212 4
6213 3
6214 6
6215 4
6216 3
6217 3
6218 3
6219 3
6220 3
6221 3
6222 4
6223 3
6224 3
6225 5
6226 4
6227 4
6228 3
6229 3
6230 5
6231 4
6232 3
6233 3
6234 3
6235 5
6236 3
6237 3
6238 3
6239 5
6240 3
6241 3
6242 3
6243 3
6244 3
6245 3
6246 3
6247 3
6248 5
6249 4
6250 5
6251 4
6252 5
6253 3
6254 4
6255 5
6256 3
6257 4
6258 4
6259 4
6260 4
6261 4
6262 3
6263 3
6264 3
6265 3
6266 3
6267 3
6268 8
6269 4
6270 4
6271 6
6272 4
6273 3
6274 4
6275 3
6276 4
6277 3
6278 3
6279 3
6280 4
6281 7
6282 3
6283 3
6284 3
6285 5
6286 4
6287 4
6288 3
6289 5
6290 3
6291 3
6292 3
6293 3
6294 4
6295 3
6296 3
6297 3
6298 5
6299 3
6300 6
6301 4
6302 5
6303 4
6304 4
6305 4
6306 4
6307 4
6308 4
6309 3
6310 4
6311 3
6312 4
6313 3
6314 3
6315 5
6316 6
6317 6
6318 3
6319 3
6320 4
6321 3
6322 4
6323 3
6324 4
6325 3
6326 6
6327 7
6328 5
6329 4
6330 5
6331 3
6332 3
6333 3
6334 3
6335 3
6336 3
6337 5
6338 3
6339 3
6340 3
6341 6
6342 4
6343 3
6344 3
6345 3
6346 4
6347 3
6348 4
6349 4
6350 3
6351 4
6352 3
6353 5
6354 3
6355 3
6356 3
6357 3
6358 3
6359 3
6360 3
6361 4
6362 3
6363 3
6364 3
6365 3
6366 5
6367 4
6368 3
6369 4
6370 4
6371 3
6372 3
6373 4
6374 4
6375 4
6376 3
6377 3
6378 8
6379 3
6380 3
6381 4
6382 3
6383 5
6384 4
6385 3
6386 4
6387 5
6388 4
6389 3
6390 4
6391 3
6392 5
6393 3
6394 3
6395 3
6396 3
6397 4
6398 3
6399 4
6400 5
6401 3
6402 7
6403 5
6404 4
6405 3
6406 3
6407 3
6408 4
6409 5
6410 3
6411 4
6412 4
6413 4
6414 3
6415 4
6416 3
6417 5
6418 4
6419 4
6420 3
6421 5
6422 3
6423 4
6424 4
6425 4
6426 4
6427 3
6428 5
6429 3
6430 3
6431 4
6432 3
6433 3
6434 6
6435 3
6436 3
6437 4
6438 6
6439 5
6440 3
6441 4
6442 4
6443 4
6444 3
6445 3
6446 4
6447 3
6448 3
6449 5
6450 6
6451 4
6452 4
6453 3
6454 3
6455 4
6456 4
6457 4
6458 3
6459 6
6460 3
6461 4
6462 3
6463 3
6464 3
6465 4
6466 5
6467 6
6468 3
6469 3
6470 3
6471 4
6472 3
6473 3
6474 5
6475 5
6476 3
6477 5
6478 3
6479 4
6480 4
6481 3
6482 4
6483 6
6484 4
6485 3
6486 4
6487 3
6488 4
6489 4
6490 5
6491 3
6492 3
6493 3
6494 4
6495 5
6496 3
6497 6
6498 5
6499 3
6500 3
6501 3
6502 4
6503 7
6504 4
6505 3
6506 3
6507 3
6508 5
6509 3
6510 5
6511 4
6512 4
6513 4
6514 4
6515 3
6516 5
6517 4
6518 5
6519 3
6520 3
6521 3
6522 5
6523 3
6524 4
6525 3
6526 4
6527 3
6528 3
6529 7
6530 3
6531 3
6532 4
6533 4
6534 3
6535 3
6536 3
6537 3
6538 4
6539 3
6540 3
6541 5
6542 3
6543 3
6544 3
6545 3
6546 4
6547 3
6548 3
6549 3
6550 3
6551 3
6552 3
6553 3
6554 4
6555 3
6556 3
6557 4
6558 3
6559 3
6560 4
6561 3
6562 5
6563 3
6564 4
6565 4
6566 3
6567 3
6568 3
6569 3
6570 3
6571 5
6572 3
6573 3
6574 3
6575 4
6576 3
6577 4
6578 3
6579 3
6580 4
6581 5
6582 3
6583 3
6584 3
6585 3
6586 5
6587 5
6588 4
6589 3
6590 3
6591 4
6592 3
6593 3
6594 3
6595 3
6596 4
6597 4
6598 4
6599 3
6600 4
6601 4
6602 3
6603 4
6604 4
6605 4
6606 6
6607 3
6608 4
6609 3
6610 3
6611 3
6612 3
6613 3
6614 3
6615 7
6616 4
6617 3
6618 3
6619 3
6620 4
6621 5
6622 4
6623 5
6624 4
6625 5
6626 5
6627 3
6628 7
6629 5
6630 3
6631 3
6632 4
6633 3
6634 3
6635 3
6636 3
6637 3
6638 4
6639 6
6640 4
6641 4
6642 3
6643 4
6644 3
6645 3
6646 3
6647 6
6648 3
6649 4
6650 4
6651 4
6652 3
6653 3
6654 3
6655 3
6656 3
6657 4
6658 4
6659 4
6660 4
6661 3
6662 3
6663 3
6664 5
6665 3
6666 3
6667 4
6668 3
6669 6
6670 3
6671 3
6672 4
6673 5
6674 3
6675 5
6676 4
6677 3
6678 3
6679 4
6680 6
6681 3
6682 3
6683 3
6684 4
6685 5
6686 4
6687 4
6688 4
6689 4
6690 3
6691 3
6692 4
6693 4
6694 3
6695 5
6696 4
6697 3
6698 4
6699 5
6700 5
6701 3
6702 5
6703 4
6704 7
6705 3
6706 4
6707 3
6708 3
6709 3
6710 4
6711 3
6712 4
6713 4
6714 3
6715 6
6716 3
6717 4
6718 3
6719 3
6720 4
6721 3
6722 3
6723 3
6724 5
6725 3
6726 6
6727 4
6728 4
6729 5
6730 4
6731 3
6732 3
6733 3
6734 3
6735 5
6736 7
6737 5
6738 4
6739 4
6740 4
6741 4
6742 3
6743 4
6744 3
6745 5
6746 4
6747 3
6748 4
6749 3
6750 3
6751 3
6752 7
6753 4
6754 4
6755 4
6756 5
6757 5
6758 3
6759 4
6760 3
6761 4
6762 3
6763 3
6764 3
6765 4
6766 3
6767 3
6768 3
6769 3
6770 3
6771 3
6772 5
6773 4
6774 4
6775 4
6776 3
6777 3
6778 3
6779 3
6780 3
6781 4
6782 4
6783 5
6784 3
6785 3
6786 5
6787 4
6788 3
6789 3
6790 4
6791 5
6792 3
6793 4
6794 3
6795 3
6796 3
6797 3
6798 3
6799 3
6800 3
6801 5
6802 3
6803 4
6804 3
6805 3
6806 3
6807 3
6808 6
6809 3
6810 4
6811 3
6812 4
6813 3
6814 3
6815 4
6816 3
6817 5
6818 4
6819 3
6820 3
6821 5
6822 3
6823 3
6824 3
6825 3
6826 3
6827 3
6828 3
6829 3
6830 4
6831 3
6832 5
6833 4
6834 3
6835 4
6836 4
6837 5
6838 3
6839 6
6840 4
6841 3
6842 3
6843 3
6844 3
6845 5
6846 4
6847 3
6848 3
6849 4
6850 3
6851 4
6852 3
6853 3
6854 3
6855 3
6856 4
6857 3
6858 3
6859 4
6860 3
6861 3
6862 4
6863 3
6864 3
6865 3
6866 3
6867 3
6868 4
6869 3
6870 4
6871 3
6872 3
6873 5
6874 3
6875 3
6876 3
6877 3
6878 3
6879 3
6880 3
6881 3
6882 3
6883 3
6884 5
6885 4
6886 4
6887 4
6888 4
6889 4
6890 3
6891 3
6892 7
6893 3
6894 4
6895 3
6896 3
6897 3
6898 3
6899 3
6900 4
6901 4
6902 4
6903 3
6904 4
6905 5
6906 3
6907 3
6908 3
6909 4
6910 3
6911 4
6912 3
6913 3
6914 3
6915 3
6916 4
6917 4
6918 4
6919 4
6920 3
6921 5
6922 3
6923 4
6924 3
6925 4
6926 5
6927 3
6928 3
6929 4
6930 4
6931 3
6932 3
6933 4
6934 3
6935 3
6936 3
6937 5
6938 5
6939 3
6940 5
6941 3
6942 3
6943 3
6944 4
6945 4
6946 4
6947 4
6948 4
6949 3
6950 5
6951 5
6952 3
6953 3
6954 4
6955 4
6956 3
6957 3
6958 3
6959 3
6960 4
6961 3
6962 3
6963 3
6964 4
6965 3
6966 3
6967 3
6968 3
6969 3
6970 5
6971 4
6972 4
6973 3
6974 3
6975 3
6976 3
6977 5
6978 3
6979 4
6980 4
6981 4
6982 5
6983 3
6984 3
6985 5
6986 3
6987 3
6988 4
6989 5
6990 4
6991 4
6992 3
6993 3
6994 4
6995 3
6996 4
6997 3
6998 5
6999 4
7000 3
7001 4
7002 3
7003 3
7004 3
7005 3
7006 3
7007 4
7008 3
7009 3
7010 3
7011 4
7012 3
7013 4
7014 3
7015 6
7016 5
7017 3
7018 5
7019 3
7020 3
7021 5
7022 4
7023 3
7024 3
7025 3
7026 3
7027 3
7028 4
7029 5
7030 3
7031 4
7032 5
7033 3
7034 5
7035 6
7036 3
7037 3
7038 4
7039 3
7040 4
7041 5
7042 3
7043 3
7044 3
7045 3
7046 4
7047 5
7048 4
7049 3
7050 3
7051 5
7052 3
7053 4
7054 3
7055 3
7056 7
7057 3
7058 3
7059 4
7060 3
7061 4
7062 3
7063 4
7064 3
7065 3
7066 4
7067 3
7068 3
7069 5
7070 4
7071 3
7072 3
7073 3
7074 5
7075 3
7076 3
7077 4
7078 5
7079 3
7080 4
7081 3
7082 3
7083 4
7084 4
7085 3
7086 4
7087 4
7088 5
7089 3
7090 4
7091 4
7092 3
7093 4
7094 4
7095 3
7096 4
7097 4
7098 3
7099 3
7100 4
7101 4
7102 4
7103 3
7104 4
7105 5
7106 4
7107 3
7108 4
7109 4
7110 3
7111 3
7112 3
7113 3
7114 3
7115 3
7116 6
7117 3
7118 3
7119 3
7120 3
7121 4
7122 3
7123 3
7124 4
7125 4
7126 3
7127 4
7128 3
7129 3
7130 3
7131 3
7132 3
7133 3
7134 3
7135 4
7136 5
7137 4
7138 3
7139 3
7140 4
7141 3
7142 3
7143 8
7144 3
7145 3
7146 5
7147 3
7148 5
7149 4
7150 3
7151 3
7152 4
7153 3
7154 3
7155 5
7156 3
7157 5
7158 3
7159 3
7160 3
7161 3
7162 3
7163 3
7164 4
7165 3
7166 3
7167 4
7168 3
7169 4
7170 4
7171 4
7172 5
7173 3
7174 4
7175 3
7176 4
7177 4
7178 3
7179 3
7180 5
7181 5
7182 3
7183 3
7184 3
7185 4
7186 4
7187 4
7188 3
7189 3
7190 3
7191 3
7192 4
7193 3
7194 4
7195 4
7196 3
7197 3
7198 3
7199 3
7200 3
7201 3
7202 3
7203 4
7204 4
7205 3
7206 3
7207 5
7208 4
7209 6
7210 3
7211 3
7212 4
7213 3
7214 4
7215 3
7216 3
7217 3
7218 4
7219 3
7220 3
7221 3
7222 3
7223 3
7224 3
7225 3
7226 3
7227 3
7228 3
7229 3
7230 3
7231 3
7232 3
7233 6
7234 3
7235 5
7236 5
7237 3
7238 3
7239 4
7240 4
7241 4
7242 3
7243 3
7244 3
7245 3
7246 3
7247 3
7248 3
7249 3
7250 4
7251 3
7252 5
7253 3
7254 3
7255 3
7256 4
7257 7
7258 4
7259 5
7260 4
7261 3
7262 4
7263 4
7264 3
7265 4
7266 3
7267 6
7268 6
7269 3
7270 3
7271 3
7272 6
7273 3
7274 3
7275 3
7276 3
7277 4
7278 6
7279 5
7280 3
7281 3
7282 4
7283 3
7284 3
7285 3
7286 6
7287 3
7288 4
7289 4
7290 3
7291 3
7292 4
7293 3
7294 4
7295 3
7296 3
7297 3
7298 3
7299 3
7300 4
7301 3
7302 4
7303 3
7304 3
7305 3
7306 3
7307 3
7308 4
7309 3
7310 3
7311 3
7312 4
7313 3
7314 3
7315 3
7316 4
7317 3
7318 3
7319 4
7320 3
7321 5
7322 4
7323 4
7324 4
7325 3
7326 3
7327 5
7328 3
7329 3
7330 4
7331 5
7332 3
7333 3
7334 4
7335 4
7336 3
7337 3
7338 4
7339 4
7340 3
7341 3
7342 3
7343 4
7344 3
7345 3
7346 3
7347 3
7348 3
7349 3
7350 4
7351 4
7352 3
7353 3
7354 3
7355 3
7356 3
7357 3
7358 3
7359 3
7360 3
7361 3
7362 3
7363 3
7364 3
7365 3
7366 3
7367 4
7368 3
7369 4
7370 4
7371 3
7372 3
7373 4
7374 3
7375 3
7376 3
7377 3
7378 3
7379 3
7380 3
7381 4
7382 4
7383 4
7384 4
7385 4
7386 3
7387 5
7388 4
7389 4
7390 5
7391 3
7392 3
7393 3
7394 4
7395 5
7396 5
7397 3
7398 3
7399 3
7400 4
7401 3
7402 4
7403 3
7404 5
7405 3
7406 4
7407 3
7408 4
7409 3
7410 5
7411 4
7412 4
7413 4
7414 3
7415 3
7416 3
7417 5
7418 3
7419 3
7420 4
7421 3
7422 3
7423 5
7424 4
7425 3
7426 3
7427 3
7428 3
7429 3
7430 3
7431 3
7432 4
7433 3
7434 3
7435 4
7436 4
7437 3
7438 3
7439 6
7440 4
7441 4
7442 3
7443 3
7444 4
7445 3
7446 3
7447 3
7448 3
7449 3
7450 4
7451 4
7452 3
7453 3
7454 3
7455 3
7456 3
7457 3
7458 4
7459 3
7460 4
7461 3
7462 5
7463 4
7464 3
7465 3
7466 3
7467 4
7468 4
7469 3
7470 3
7471 3
7472 4
7473 3
7474 3
7475 3
7476 3
7477 3
7478 3
7479 3
7480 3
7481 3
7482 3
7483 4
7484 3
7485 5
7486 3
7487 4
7488 3
7489 3
7490 3
7491 3
7492 3
7493 3
7494 3
7495 3
7496 3
7497 3
7498 4
7499 4
7500 3
7501 3
7502 4
7503 3
7504 3
7505 3
7506 6
7507 3
7508 3
7509 3
7510 3
7511 4
7512 3
7513 3
7514 5
7515 3
7516 3
7517 3
7518 3
7519 6
7520 3
7521 3
7522 3
7523 3
7524 3
7525 4
7526 3
7527 3
7528 4
7529 3
7530 4
7531 4
7532 3
7533 3
7534 5
7535 3
7536 3
7537 4
7538 4
7539 6
7540 4
7541 4
7542 3
7543 3
7544 3
7545 3
7546 3
7547 3
7548 3
7549 3
7550 3
7551 3
7552 8
7553 5
7554 3
7555 5
7556 3
7557 3
7558 3
7559 3
7560 3
7561 4
7562 3
7563 4
7564 4
7565 3
7566 4
7567 3
7568 3
7569 4
7570 4
7571 3
7572 3
7573 3
7574 3
7575 4
7576 4
7577 5
7578 3
7579 5
7580 3
7581 3
7582 3
7583 3
7584 4
7585 3
7586 4
7587 5
7588 3
7589 3
7590 3
7591 4
7592 3
7593 3
7594 6
7595 4
7596 4
7597 3
7598 5
7599 3
7600 3
7601 3
7602 4
7603 3
7604 3
7605 3
7606 4
7607 3
7608 3
7609 3
7610 3
7611 3
7612 4
7613 3
7614 3
7615 4
7616 5
7617 3
7618 3
7619 3
7620 3
7621 3
7622 3
7623 3
7624 3
7625 3
7626 4
7627 3
7628 4
7629 4
7630 3
7631 3
7632 3
7633 4
7634 5
7635 4
7636 3
7637 3
7638 3
7639 4
7640 3
7641 3
7642 5
7643 4
7644 3
7645 3
7646 3
7647 3
7648 3
7649 3
7650 3
7651 3
7652 3
7653 3
7654 4
7655 3
7656 4
7657 3
7658 4
7659 4
7660 3
7661 3
7662 3
7663 3
7664 3
7665 4
7666 3
7667 3
7668 3
7669 4
7670 4
7671 4
7672 4
7673 3
7674 3
7675 3
7676 3
7677 4
7678 3
7679 3
7680 4
7681 3
7682 3
7683 3
7684 3
7685 3
7686 5
7687 4
7688 3
7689 3
7690 3
7691 4
7692 4
7693 3
7694 6
7695 3
7696 4
7697 3
7698 3
7699 4
7700 4
7701 4
7702 5
7703 3
7704 3
7705 3
7706 3
7707 4
7708 4
7709 4
7710 3
7711 5
7712 3
7713 4
7714 3
7715 3
7716 6
7717 3
7718 3
7719 3
7720 3
7721 3
7722 6
7723 3
7724 3
7725 4
7726 4
7727 3
7728 4
7729 5
7730 4
7731 3
7732 7
7733 4
7734 3
7735 6
7736 3
7737 3
7738 3
7739 4
7740 3
7741 3
7742 3
7743 5
7744 4
7745 3
7746 3
7747 4
7748 3
7749 3
7750 4
7751 4
7752 4
7753 3
7754 3
7755 4
7756 3
7757 3
7758 3
7759 3
7760 4
7761 3
7762 4
7763 3
7764 3
7765 3
7766 4
7767 3
7768 3
7769 3
7770 5
7771 4
7772 4
7773 3
7774 3
7775 3
7776 4
7777 3
7778 3
7779 3
7780 3
7781 4
7782 3
7783 3
7784 3
7785 3
7786 4
7787 3
7788 3
7789 3
7790 3
7791 3
7792 4
7793 4
7794 3
7795 3
7796 5
7797 3
7798 3
7799 3
7800 3
7801 4
7802 3
7803 3
7804 3
7805 6
7806 3
7807 4
7808 3
7809 3
7810 3
7811 3
7812 3
7813 3
7814 4
7815 5
7816 3
7817 3
7818 3
7819 3
7820 3
7821 3
7822 3
7823 3
7824 3
7825 3
7826 4
7827 3
7828 4
7829 3
7830 4
7831 3
7832 3
7833 4
7834 3
7835 3
7836 4
7837 3
7838 5
7839 5
7840 3
7841 3
7842 3
7843 3
7844 3
7845 3
7846 4
7847 4
7848 4
7849 3
7850 6
7851 3
7852 3
7853 4
7854 4
7855 3
7856 4
7857 4
7858 3
7859 5
7860 3
7861 3
7862 3
7863 3
7864 3
7865 3
7866 3
7867 3
7868 3
7869 3
7870 3
7871 4
7872 3
7873 3
7874 3
7875 3
7876 5
7877 3
7878 3
7879 3
7880 3
7881 3
7882 3
7883 3
7884 3
7885 4
7886 4
7887 3
7888 3
7889 3
7890 4
7891 3
7892 3
7893 3
7894 3
7895 4
7896 3
7897 4
7898 3
7899 3
7900 4
7901 5
7902 3
7903 3
7904 3
7905 4
7906 4
7907 3
7908 3
7909 4
7910 5
7911 3
7912 3
7913 5
7914 3
7915 5
7916 4
7917 3
7918 3
7919 3
7920 4
7921 3
7922 3
7923 3
7924 4
7925 4
7926 3
7927 4
7928 3
7929 3
7930 3
7931 3
7932 3
7933 6
7934 3
7935 3
7936 4
7937 4
7938 3
7939 3
7940 3
7941 3
7942 3
7943 4
7944 3
7945 6
7946 4
7947 3
7948 3
7949 3
7950 3
7951 3
7952 3
7953 3
7954 3
7955 3
7956 3
7957 3
7958 3
7959 3
7960 3
7961 3
7962 3
7963 4
7964 4
7965 3
7966 5
7967 4
7968 3
7969 4
7970 3
7971 3
7972 3
7973 3
7974 3
7975 4
7976 3
7977 4
7978 5
7979 4
7980 4
7981 3
7982 4
7983 3
7984 5
7985 3
7986 4
7987 4
7988 3
7989 3
7990 3
7991 3
7992 5
7993 3
7994 4
7995 4
7996 5
7997 3
7998 3
7999 3
8000 5
8001 3
8002 3
8003 4
8004 3
8005 3
8006 4
8007 3
8008 3
8009 3
8010 3
8011 3
8012 3
8013 3
8014 3
8015 3
8016 3
8017 5
8018 4
8019 3
8020 5
8021 3
8022 3
8023 4
8024 3
8025 6
8026 3
8027 3
8028 3
8029 4
8030 3
8031 3
8032 3
8033 3
8034 3
8035 3
8036 3
8037 3
8038 4
8039 3
8040 3
8041 3
8042 3
8043 3
8044 3
8045 4
8046 3
8047 3
8048 3
8049 4
8050 3
8051 3
8052 3
8053 4
8054 3
8055 3
8056 3
8057 4
8058 4
8059 3
8060 3
8061 3
8062 4
8063 3
8064 3
8065 3
8066 3
8067 3
8068 3
8069 3
8070 4
8071 3
8072 3
8073 3
8074 4
8075 3
8076 4
8077 5
8078 4
8079 3
8080 3
8081 3
8082 4
8083 3
8084 3
8085 4
8086 3
8087 3
8088 3
8089 3
8090 3
8091 3
8092 3
8093 3
8094 3
8095 3
8096 4
8097 3
8098 5
8099 4
8100 5
8101 3
8102 3
8103 3
8104 3
8105 3
8106 3
8107 3
8108 3
8109 3
8110 3
8111 5
8112 3
8113 3
8114 3
8115 3
8116 3
8117 3
8118 3
8119 3
8120 4
8121 3
8122 4
8123 3
8124 3
8125 3
8126 3
8127 3
8128 3
8129 4
8130 4
8131 3
8132 3
8133 3
8134 3
8135 3
8136 3
8137 3
8138 3
8139 3
8140 3
8141 3
8142 3
8143 3
8144 3
8145 3
8146 3
8147 3
8148 4
8149 3
8150 4
8151 3
8152 3
8153 3
8154 3
8155 3
8156 5
8157 3
8158 3
8159 3
8160 3
8161 3
8162 3
8163 4
8164 3
8165 3
8166 3
8167 3
8168 3
8169 3
8170 5
8171 5
8172 3
8173 4
8174 4
8175 3
8176 3
8177 3
8178 3
8179 3
8180 4
8181 3
8182 3
8183 3
8184 4
8185 3
8186 5
8187 3
8188 5
8189 3
8190 4
8191 3
8192 3
8193 3
8194 3
8195 3
8196 3
8197 3
8198 3
8199 3
8200 3
8201 3
8202 4
8203 3
8204 4
8205 3
8206 4
8207 3
8208 4
8209 3
8210 3
8211 3
8212 3
8213 3
8214 3
8215 4
8216 3
8217 4
8218 4
8219 3
8220 3
8221 4
8222 3
8223 3
8224 3
8225 4
8226 3
8227 3
8228 3
8229 3
8230 4
8231 3
8232 3
8233 3
8234 3
8235 3
8236 3
8237 3
8238 3
8239 3
8240 5
8241 3
8242 3
8243 3
8244 3
8245 3
8246 3
8247 3
8248 3
8249 3
8250 4
8251 3
8252 3
8253 3
8254 3
8255 3
8256 3
8257 4
8258 3
8259 4
8260 3
8261 3
8262 3
8263 3
8264 3
8265 3
8266 5
8267 3
8268 3
8269 3
8270 3
8271 5
8272 3
8273 3
8274 3
8275 3
8276 3
8277 4
8278 3
8279 3
8280 3
8281 3
8282 5
8283 4
8284 3
8285 4
8286 3
8287 3
8288 3
8289 4
8290 3
8291 3
8292 3
8293 3
8294 5
8295 3
8296 3
8297 3
8298 3
8299 3
8300 3
8301 3
8302 3
8303 3
8304 3
8305 3
8306 3
8307 3
8308 3
8309 3
8310 3
8311 3
8312 3
8313 4
8314 3
8315 3
8316 4
8317 3
8318 3
8319 3
8320 3
8321 3
8322 3
8323 6
8324 3
8325 4
8326 3
8327 3
8328 4
8329 3
8330 3
8331 3
8332 4
8333 3
8334 3
8335 3
8336 3
8337 3
8338 3
8339 3
8340 3
8341 3
8342 5
8343 4
8344 4
8345 3
8346 3
8347 3
8348 3
8349 3
8350 3
8351 3
8352 3
8353 3
8354 3
8355 3
8356 4
8357 3
8358 3
8359 3
8360 3
8361 3
8362 3
8363 4
8364 3
8365 3
8366 3
8367 3
8368 4
8369 4
8370 3
8371 3
8372 3
8373 3
8374 5
8375 6
8376 4
8377 3
8378 3
8379 4
8380 4
8381 3
8382 3
8383 3
8384 3
8385 3
8386 5
8387 5
8388 3
8389 3
8390 4
8391 4
8392 4
8393 3
8394 3
8395 4
8396 3
8397 3
8398 4
8399 3
8400 4
8401 3
8402 3
8403 3
8404 3
8405 3
8406 3
8407 3
8408 3
8409 3
8410 3
8411 3
8412 3
8413 4
8414 3
8415 3
8416 5
8417 4
8418 4
8419 3
8420 5
8421 3
8422 4
8423 3
8424 3
8425 5
8426 3
8427 3
8428 3
8429 3
8430 3
8431 3
8432 3
8433 3
8434 3
8435 3
8436 4
8437 3
8438 3
8439 3
8440 3
8441 4
8442 3
8443 3
8444 4
8445 4
8446 3
8447 3
8448 3
8449 4
8450 3
8451 4
8452 4
8453 3
8454 3
8455 3
8456 3
8457 5
8458 3
8459 3
8460 3
8461 3
8462 3
8463 3
8464 5
8465 3
8466 3
8467 4
8468 3
8469 3
8470 4
8471 3
8472 3
8473 3
8474 4
8475 3
8476 3
8477 3
8478 3
8479 4
8480 4
8481 4
8482 3
8483 3
8484 3
8485 4
8486 3
8487 4
8488 3
8489 4
8490 3
8491 4
8492 4
8493 3
8494 3
8495 3
8496 3
8497 3
8498 3
8499 3
8500 4
8501 3
8502 3
8503 3
8504 3
8505 3
8506 3
8507 4
8508 3
8509 3
8510 3
8511 3
8512 4
8513 3
8514 3
8515 3
8516 4
8517 3
8518 3
8519 4
8520 3
8521 3
8522 3
8523 3
8524 3
8525 4
8526 3
8527 3
8528 3
8529 3
8530 3
8531 4
8532 3
8533 4
8534 3
8535 3
8536 3
8537 3
8538 3
8539 3
8540 3
8541 3
8542 3
8543 3
8544 4
8545 3
8546 3
8547 3
8548 4
8549 3
8550 3
8551 3
8552 5
8553 3
8554 3
8555 3
8556 3
8557 4
8558 3
8559 3
8560 3
8561 3
8562 3
8563 3
8564 3
8565 3
8566 3
8567 4
8568 3
8569 3
8570 4
8571 3
8572 3
8573 3
8574 3
8575 5
8576 3
8577 3
8578 4
8579 3
8580 3
8581 3
8582 3
8583 3
8584 3
8585 3
8586 4
8587 3
8588 4
8589 3
8590 3
8591 3
8592 3
8593 3
8594 3
8595 5
8596 3
8597 4
8598 4
8599 3
8600 3
8601 3
8602 4
8603 3
8604 3
8605 3
8606 3
8607 3
8608 3
8609 3
8610 3
8611 3
8612 3
8613 3
8614 3
8615 3
8616 4
8617 3
8618 4
8619 5
8620 3
8621 3
8622 3
8623 3
8624 4
8625 3
8626 3
8627 3
8628 3
8629 3
8630 3
8631 3
8632 4
8633 3
8634 3
8635 3
8636 3
8637 3
8638 3
8639 3
8640 3
8641 3
8642 3
8643 5
8644 3
8645 3
8646 3
8647 4
8648 3
8649 3
8650 3
8651 3
8652 3
8653 5
8654 3
8655 3
8656 4
8657 3
8658 3
8659 3
8660 3
8661 3
8662 3
8663 6
8664 3
8665 3
8666 3
8667 3
8668 3
8669 3
8670 3
8671 3
8672 3
8673 3
8674 3
8675 3
8676 3
8677 4
8678 3
8679 3
8680 3
8681 3
8682 3
8683 3
8684 3
8685 4
8686 4
8687 3
8688 3
8689 3
8690 4
8691 3
8692 3
8693 3
8694 3
8695 5
8696 3
8697 3
8698 3
8699 3
8700 3
8701 3
8702 3
8703 3
8704 3
8705 3
8706 3
8707 3
8708 3
8709 3
8710 4
8711 3
8712 3
8713 3
8714 3
8715 3
8716 3
8717 3
8718 3
8719 5
8720 3
8721 3
8722 3
8723 4
8724 3
8725 3
8726 3
8727 3
8728 3
8729 4
8730 3
8731 3
8732 5
8733 4
8734 4
8735 3
8736 3
8737 4
8738 3
8739 3
8740 3
8741 3
8742 3
8743 3
8744 3
8745 3
8746 3
8747 3
8748 3
8749 3
8750 3
8751 3
8752 3
8753 3
8754 3
8755 3
8756 3
8757 3
8758 3
8759 3
8760 3
8761 3
8762 3
8763 3
8764 3
8765 3
8766 3
8767 3
8768 3
8769 3
8770 3
8771 4
8772 3
8773 3
8774 3
8775 3
8776 3
8777 3
8778 4
8779 3
8780 3
8781 3
8782 5
8783 3
8784 3
8785 4
8786 3
8787 3
8788 3
8789 3
8790 3
8791 3
8792 3
8793 3
8794 3
8795 3
8796 3
8797 3
8798 3
8799 3
8800 4
8801 3
8802 3
8803 3
8804 3
8805 3
8806 3
8807 3
8808 4
8809 3
8810 3
8811 3
8812 3
8813 3
8814 3
8815 3
8816 4
8817 3
8818 5
8819 3
8820 3
8821 3
8822 3
8823 3
8824 3
8825 3
8826 4
8827 3
8828 3
8829 3
8830 4
8831 3
8832 4
8833 3
8834 4
8835 3
8836 3
8837 3
8838 3
8839 3
8840 4
8841 3
8842 3
8843 3
8844 3
8845 4
8846 3
8847 3
8848 3
8849 4
8850 3
8851 3
8852 3
8853 3
8854 3
8855 3
8856 3
8857 3
8858 4
8859 3
8860 3
8861 4
8862 4
8863 3
8864 4
8865 3
8866 3
8867 4
8868 3
8869 3
8870 3
8871 3
8872 3
8873 3
8874 3
8875 3
8876 3
8877 3
8878 3
8879 3
8880 3
8881 3
8882 3
8883 3
8884 3
8885 4
8886 3
8887 3
8888 3
8889 3
8890 3
8891 3
8892 3
8893 3
8894 4
8895 3
8896 3
8897 3
8898 3
8899 3
8900 4
8901 3
8902 3
8903 3
8904 4
8905 3
8906 3
8907 4
8908 3
8909 3
8910 3
8911 3
8912 3
8913 3
8914 4
8915 3
8916 4
8917 3
8918 3
8919 3
8920 4
8921 3
8922 3
8923 4
8924 3
8925 3
8926 3
8927 3
8928 3
8929 3
8930 3
8931 3
8932 3
8933 5
8934 3
8935 3
8936 3
8937 3
8938 3
8939 4
8940 3
8941 3
8942 4
8943 4
8944 3
8945 4
8946 5
8947 3
8948 3
8949 3
8950 3
8951 3
8952 3
8953 3
8954 3
8955 3
8956 4
8957 3
8958 3
8959 3
8960 3
8961 3
8962 4
8963 4
8964 3
8965 3
8966 4
8967 3
8968 3
8969 3
8970 4
8971 3
8972 3
8973 3
8974 3
8975 4
8976 3
8977 4
8978 3
8979 4
8980 5
8981 3
8982 3
8983 3
8984 3
8985 3
8986 3
8987 3
8988 3
8989 3
8990 3
8991 3
8992 4
8993 3
8994 3
8995 3
8996 3
8997 4
8998 3
8999 3
9000 3
9001 3
9002 3
9003 3
9004 3
9005 3
9006 3
9007 3
9008 3
9009 3
9010 4
9011 3
9012 3
9013 3
9014 3
9015 3
9016 3
9017 3
9018 3
9019 4
9020 3
9021 3
9022 3
9023 3
9024 3
9025 3
9026 3
9027 3
9028 3
9029 3
9030 3
9031 3
9032 5
9033 3
9034 3
9035 3
9036 3
9037 3
9038 3
9039 3
9040 3
9041 3
9042 3
9043 3
9044 3
9045 3
9046 3
9047 3
9048 3
9049 3
9050 3
9051 3
9052 3
9053 3
9054 3
9055 3
9056 3
9057 3
9058 3
9059 3
9060 3
9061 3
9062 3
9063 3
9064 3
9065 3
9066 3
9067 4
9068 3
9069 3
9070 3
9071 3
9072 3
9073 3
9074 4
9075 3
9076 3
9077 3
9078 3
9079 3
9080 3
9081 3
9082 3
9083 3
9084 3
9085 4
9086 3
9087 3
9088 3
9089 3
9090 3
9091 3
9092 3
9093 3
9094 5
9095 3
9096 3
9097 4
9098 3
9099 3
9100 3
9101 3
9102 3
9103 3
9104 3
9105 4
9106 3
9107 3
9108 3
9109 3
9110 3
9111 3
9112 3
9113 3
9114 3
9115 3
9116 3
9117 3
9118 3
9119 3
9120 3
9121 3
9122 3
9123 3
9124 3
9125 3
9126 3
9127 3
9128 3
9129 3
9130 3
9131 5
9132 3
9133 3
9134 3
9135 3
9136 3
9137 3
9138 3
9139 3
9140 3
9141 3
9142 3
9143 3
9144 3
9145 4
9146 3
9147 3
9148 4
9149 3
9150 3
9151 3
9152 3
9153 3
9154 3
9155 4
9156 3
9157 4
9158 3
9159 3
9160 3
9161 4
9162 3
9163 4
9164 3
9165 3
9166 3
9167 4
9168 3
9169 3
9170 3
9171 3
9172 3
9173 3
9174 5
9175 4
9176 3
9177 3
9178 3
9179 3
9180 3
9181 3
9182 3
9183 3
9184 3
9185 3
9186 3
9187 3
9188 3
9189 3
9190 3
9191 3
9192 3
9193 3
9194 3
9195 3
9196 3
9197 3
9198 3
9199 3
9200 3
9201 3
9202 4
9203 3
9204 3
9205 3
9206 3
9207 4
9208 3
9209 3
9210 3
9211 3
9212 3
9213 3
9214 3
9215 3
9216 4
9217 3
9218 3
9219 3
9220 4
9221 3
9222 4
9223 4
9224 3
9225 3
9226 3
9227 3
9228 3
9229 3
9230 3
9231 3
9232 3
9233 3
9234 3
9235 3
9236 3
9237 3
9238 3
9239 3
9240 3
9241 3
9242 3
9243 3
9244 5
9245 3
9246 3
9247 3
9248 3
9249 3
9250 3
9251 3
9252 3
9253 3
9254 3
9255 3
9256 3
9257 3
9258 3
9259 4
9260 3
9261 4
9262 3
9263 3
9264 3
9265 3
9266 3
9267 3
9268 3
9269 3
9270 3
9271 4
9272 4
9273 3
9274 3
9275 3
9276 3
9277 3
9278 3
9279 3
9280 3
9281 3
9282 4
9283 3
9284 3
9285 3
9286 3
9287 3
9288 3
9289 3
9290 3
9291 3
9292 3
9293 3
9294 3
9295 3
9296 3
9297 3
9298 3
9299 3
9300 3
9301 3
9302 3
9303 4
9304 3
9305 4
9306 3
9307 3
9308 3
9309 3
9310 3
9311 3
9312 3
9313 4
9314 3
9315 3
9316 3
9317 3
9318 3
9319 3
9320 3
9321 3
9322 3
9323 3
9324 3
9325 3
9326 3
9327 3
9328 3
9329 3
9330 3
9331 3
9332 3
9333 3
9334 3
9335 3
9336 3
9337 4
9338 4
9339 3
9340 4
9341 3
9342 3
9343 3
9344 3
9345 3
9346 3
9347 4
9348 3
9349 3
9350 3
9351 4
9352 3
9353 3
9354 3
9355 3
9356 4
9357 3
9358 3
9359 4
9360 3
9361 3
9362 3
9363 3
9364 3
9365 3
9366 4
9367 3
9368 3
9369 3
9370 3
9371 3
9372 3
9373 3
9374 4
9375 3
9376 3
9377 3
9378 3
9379 3
9380 3
9381 3
9382 3
9383 3
9384 3
9385 3
9386 3
9387 3
9388 3
9389 3
9390 3
9391 3
9392 3
9393 3
9394 3
9395 4
9396 3
9397 3
9398 4
9399 3
9400 3
9401 3
9402 4
9403 3
9404 3
9405 3
9406 3
9407 3
9408 3
9409 3
9410 3
9411 3
9412 3
9413 3
9414 3
9415 3
9416 3
9417 3
9418 3
9419 3
9420 3
9421 3
9422 4
9423 3
9424 3
9425 3
9426 3
9427 3
9428 3
9429 3
9430 3
9431 3
9432 3
9433 4
9434 3
9435 3
9436 3
9437 3
9438 3
9439 3
9440 3
9441 3
9442 4
9443 3
9444 3
9445 3
9446 3
9447 3
9448 4
9449 3
9450 3
9451 3
9452 3
9453 3
9454 3
9455 3
9456 3
9457 3
9458 3
9459 3
9460 3
9461 3
9462 3
9463 3
9464 3
9465 3
9466 5
9467 3
9468 3
9469 3
9470 4
9471 3
9472 3
9473 3
9474 3
9475 3
9476 3
9477 3
9478 3
9479 3
9480 3
9481 4
9482 3
9483 3
9484 3
9485 3
9486 3
9487 3
9488 3
9489 3
9490 3
9491 3
9492 3
9493 3
9494 3
9495 3
9496 3
9497 3
9498 3
9499 3
9500 4
9501 3
9502 4
9503 3
9504 3
9505 3
9506 3
9507 3
9508 3
9509 4
9510 3
9511 3
9512 3
9513 3
9514 3
9515 3
9516 3
9517 3
9518 3
9519 3
9520 3
9521 3
9522 3
9523 3
9524 3
9525 3
9526 3
9527 3
9528 3
9529 3
9530 3
9531 3
9532 3
9533 3
9534 3
9535 3
9536 3
9537 4
9538 3
9539 3
9540 3
9541 3
9542 3
9543 3
9544 5
9545 3
9546 3
9547 3
9548 3
9549 3
9550 3
9551 3
9552 3
9553 3
9554 3
9555 3
9556 3
9557 3
9558 3
9559 3
9560 3
9561 3
9562 3
9563 3
9564 3
9565 3
9566 3
9567 3
9568 3
9569 3
9570 3
9571 3
9572 3
9573 3
9574 3
9575 3
9576 3
9577 3
9578 3
9579 3
9580 3
9581 3
9582 3
9583 3
9584 3
9585 3
9586 3
9587 3
9588 3
9589 3
9590 3
9591 3
9592 3
9593 3
9594 3
9595 3
9596 3
9597 3
9598 3
9599 4
9600 3
9601 3
9602 3
9603 3
9604 3
9605 3
9606 3
9607 3
9608 3
9609 3
9610 3
9611 3
9612 3
9613 3
9614 3
9615 3
9616 3
9617 3
9618 3
9619 4
9620 3
9621 3
9622 3
9623 4
9624 3
9625 3
9626 3
9627 3
9628 3
9629 3
9630 3
9631 3
9632 3
9633 3
9634 3
9635 3
9636 3
9637 3
9638 3
9639 3
9640 3
9641 3
9642 3
9643 3
9644 3
9645 3
9646 3
9647 3
9648 3
9649 3
9650 3
9651 3
9652 3
9653 3
9654 3
9655 3
9656 3
9657 3
9658 3
9659 3
9660 3
9661 3
9662 3
9663 3
9664 3
9665 3
9666 3
9667 3
9668 3
9669 3
9670 3
9671 3
9672 3
9673 3
9674 3
9675 3
9676 3
9677 3
9678 3
9679 3
9680 3
9681 3
9682 3
9683 3
9684 3
9685 3
9686 3
9687 4
9688 3
9689 3
9690 3
9691 3
9692 3
9693 3
9694 3
9695 3
9696 3
9697 3
9698 3
9699 3
9700 3
9701 3
9702 3
9703 4
9704 4
9705 3
9706 3
9707 3
9708 3
9709 3
9710 3
9711 3
9712 3
9713 3
9714 3
9715 3
9716 3
9717 3
9718 3
9719 3
9720 3
9721 3
9722 3
9723 3
9724 3
9725 3
9726 3
9727 3
9728 3
9729 3
9730 3
9731 4
9732 3
9733 3
9734 3
9735 3
9736 3
9737 3
9738 3
9739 3
9740 3
9741 3
9742 3
9743 3
9744 3
9745 3
9746 3
9747 3
9748 3
9749 3
9750 3
9751 3
9752 3
9753 3
9754 3
9755 3
9756 3
9757 3
9758 3
9759 3
9760 3
9761 4
9762 3
9763 3
9764 3
9765 3
9766 3
9767 3
9768 3
9769 3
9770 3
9771 4
9772 3
9773 3
9774 3
9775 3
9776 3
9777 3
9778 3
9779 3
9780 3
9781 3
9782 3
9783 3
9784 3
9785 3
9786 3
9787 5
9788 3
9789 3
9790 3
9791 3
9792 3
9793 3
9794 3
9795 3
9796 3
9797 3
9798 3
9799 3
9800 3
9801 3
9802 3
9803 3
9804 3
9805 3
9806 3
9807 3
9808 3
9809 3
9810 3
9811 3
9812 3
9813 3
9814 3
9815 3
9816 3
9817 4
9818 3
9819 3
9820 4
9821 3
9822 3
9823 3
9824 3
9825 3
9826 3
9827 3
9828 3
9829 3
9830 3
9831 3
9832 3
9833 3
9834 3
9835 3
9836 3
9837 3
9838 3
9839 3
9840 3
9841 3
9842 3
9843 3
9844 3
9845 3
9846 3
9847 3
9848 3
9849 3
9850 3
9851 3
9852 3
9853 3
9854 3
9855 3
9856 3
9857 3
9858 3
9859 3
9860 3
9861 3
9862 3
9863 3
9864 3
9865 3
9866 3
9867 3
9868 3
9869 3
9870 3
9871 3
9872 3
9873 3
9874 3
9875 3
9876 3
9877 3
9878 3
9879 3
9880 3
9881 3
9882 3
9883 3
9884 3
9885 3
9886 4
9887 3
9888 3
9889 3
9890 3
9891 3
9892 3
9893 3
9894 3
9895 3
9896 3
9897 3
9898 3
9899 3
9900 3
9901 3
9902 3
9903 3
9904 3
9905 3
9906 3
9907 3
9908 3
9909 3
9910 3
9911 3
9912 3
9913 3
9914 3
9915 3
9916 3
9917 3
9918 3
9919 3
9920 3
9921 3
9922 3
9923 3
9924 3
9925 3
9926 3
9927 3
9928 3
9929 3
9930 3
9931 3
9932 3
9933 3
9934 3
9935 3
9936 3
9937 3
9938 3
9939 3
9940 3
9941 3
9942 3
9943 3
9944 3
9945 3
9946 3
9947 3
9948 3
9949 3
9950 3
9951 3
9952 3
9953 3
9954 3
9955 3
9956 3
9957 3
9958 3
9959 3
9960 3
9961 3
9962 3
9963 3
9964 3
9965 3
9966 3
9967 3
9968 3
9969 3
9970 3
9971 3
9972 3
9973 3
9974 3
9975 3
9976 3
9977 3
9978 3
9979 3
9980 3
9981 3
9982 3
9983 3
9984 3
9985 3
9986 3
9987 3
9988 3
9989 3
9990 3
9991 3
9992 3
9993 3
9994 3
9995 3
9996 3
9997 3
9998 3
9999 3
